0.0100,0.0103,0.0118
0.0133,0.0166,0.0222
0.0249,0.0322,0.0406
0.0449,0.0569,0.0668
0.0747,0.0878,0.1041
0.1132,0.1221,0.1221
0.1222,0.1222,0.1223
0.1223,0.1225,0.1225
0.1226,0.1227,0.1230
0.1234,0.1234,0.1244
0.1255,0.1278,0.1331
0.1435,0.1554,0.1767
0.1953,0.2055,0.2329
0.2330,0.2330,0.2331
0.2331,0.2333,0.2334
0.2336,0.2341,0.2350
0.2368,0.2404,0.2404
0.2450,0.2450,0.2479
0.2479,0.2487,0.2487
0.2492,0.2492,0.2497
0.2500,0.2500,0.2506
0.2506,0.2513,0.2519
0.2532,0.2559,0.2614
0.2659,0.2781,0.2907
0.2907,0.2907,0.2907
0.2909,0.2910,0.2914
0.2920,0.2935,0.2965
0.3032,0.3161,0.3209
0.3239,0.3239,0.3424
0.3638,0.3674,0.3833
0.3833,0.4004,0.4083
0.4085,0.4085,0.4087
0.4087,0.4088,0.4090
0.4094,0.4102,0.4118
0.4151,0.4167,0.4167
0.4194,0.4194,0.4215
0.4215,0.4233,0.4249
0.4261,0.4261,0.4288
0.4296,0.4296,0.4323
0.4323,0.4364,0.4417
0.4475,0.4564,0.4564
0.4572,0.4572,0.4572
0.4572,0.4572,0.4572
0.4572,0.4572,0.4572
0.4572,0.4572,0.4572
0.4572,0.4572,0.4572
0.4572,0.4572,0.4572
0.4572,0.4572,0.4572
0.4572,0.4572,0.4572
0.4572,0.4572,0.4572
0.4572,0.4572,0.4572
0.4572,0.4572,0.4572
0.4572,0.4572,0.4572
0.4573,0.4574,0.4576
0.4579,0.4587,0.4593
0.4593,0.4619,0.4651
0.4718,0.4785,0.4790
0.4790,0.4790,0.4790
0.4790,0.4790,0.4790
0.4790,0.4790,0.4790
0.4790,0.4790,0.4790
0.4790,0.4790,0.4790
0.4790,0.4790,0.4790
0.4790,0.4790,0.4790
0.4790,0.4790,0.4790
0.4790,0.4790,0.4790
0.4790,0.4790,0.4790
0.4790,0.4790,0.4790
0.4790,0.4790,0.4790
0.4790,0.4791,0.4792
0.4794,0.4799,0.4809
0.4828,0.4873,0.4878
0.4878,0.4878,0.4878
0.4878,0.4878,0.4878
0.4878,0.4878,0.4878
0.4878,0.4878,0.4878
0.4878,0.4878,0.4878
0.4878,0.4878,0.4878
0.4878,0.4878,0.4878
0.4878,0.4878,0.4878
0.4878,0.4878,0.4878
0.4878,0.4878,0.4878
0.4878,0.4878,0.4878
0.4878,0.4878,0.4878
0.4878,0.4879,0.4881
0.4884,0.4890,0.4902
0.4927,0.4973,0.4994
0.4994,0.4994,0.4994
0.4994,0.4994,0.4994
0.4994,0.4994,0.4994
0.4994,0.4994,0.4994
0.4994,0.4994,0.4994
0.4994,0.4994,0.4994
0.4994,0.4994,0.4994
0.4994,0.4994,0.4994
0.4994,0.4994,0.4994
0.4994,0.4994,0.4994
0.4994,0.4994,0.4994
0.4994,0.4994,0.4994
0.4995,0.4995,0.4996
0.4999,0.5004,0.5013
0.5032,0.5058,0.5128
0.5129,0.5129,0.5129
0.5129,0.5129,0.5129
0.5129,0.5129,0.5129
0.5129,0.5129,0.5129
0.5129,0.5129,0.5129
0.5129,0.5129,0.5129
0.5129,0.5129,0.5129
0.5129,0.5129,0.5129
0.5129,0.5129,0.5129
0.5129,0.5129,0.5129
0.5129,0.5129,0.5129
0.5129,0.5129,0.5129
0.5129,0.5129,0.5129
0.5129,0.5129,0.5130
0.5130,0.5131,0.5132
0.5136,0.5142,0.5154
0.5178,0.5223,0.5233
0.5233,0.5233,0.5233
0.5233,0.5233,0.5233
0.5233,0.5233,0.5233
0.5233,0.5233,0.5233
0.5233,0.5233,0.5233
0.5233,0.5233,0.5233
0.5233,0.5233,0.5233
0.5233,0.5233,0.5233
0.5233,0.5233,0.5233
0.5233,0.5233,0.5233
0.5233,0.5233,0.5233
0.5233,0.5233,0.5233
0.5234,0.5235,0.5236
0.5240,0.5244,0.5244
0.5248,0.5248,0.5252
0.5257,0.5266,0.5284
0.5310,0.5371,0.5373
0.5373,0.5373,0.5375
0.5375,0.5375,0.5375
0.5375,0.5375,0.5375
0.5375,0.5375,0.5375
0.5375,0.5375,0.5375
0.5375,0.5375,0.5375
0.5375,0.5375,0.5375
0.5375,0.5375,0.5375
0.5375,0.5375,0.5375
0.5375,0.5375,0.5375
0.5375,0.5375,0.5375
0.5375,0.5375,0.5375
0.5375,0.5375,0.5375
0.5376,0.5376,0.5377
0.5377,0.5377,0.5379
0.5381,0.5385,0.5392
0.5408,0.5438,0.5489
0.5489,0.5489,0.5492
0.5492,0.5492,0.5492
0.5492,0.5492,0.5492
0.5492,0.5492,0.5492
0.5492,0.5492,0.5492
0.5492,0.5492,0.5492
0.5492,0.5492,0.5492
0.5492,0.5492,0.5492
0.5492,0.5492,0.5492
0.5492,0.5492,0.5492
0.5492,0.5492,0.5492
0.5492,0.5492,0.5493
0.5493,0.5495,0.5498
0.5504,0.5515,0.5536
0.5579,0.5587,0.5587
0.5587,0.5587,0.5587
0.5587,0.5587,0.5587
0.5587,0.5587,0.5587
0.5587,0.5587,0.5587
0.5587,0.5587,0.5587
0.5587,0.5587,0.5587
0.5587,0.5587,0.5587
0.5587,0.5587,0.5587
0.5587,0.5587,0.5587
0.5587,0.5587,0.5587
0.5587,0.5587,0.5587
0.5587,0.5587,0.5588
0.5588,0.5589,0.5591
0.5595,0.5603,0.5619
0.5651,0.5653,0.5653
0.5717,0.5739,0.5740
0.5740,0.5744,0.5744
0.5744,0.5744,0.5744
0.5744,0.5744,0.5744
0.5744,0.5744,0.5744
0.5744,0.5744,0.5744
0.5744,0.5744,0.5744
0.5744,0.5744,0.5744
0.5744,0.5744,0.5744
0.5744,0.5744,0.5744
0.5744,0.5744,0.5744
0.5744,0.5744,0.5744
0.5744,0.5744,0.5744
0.5745,0.5745,0.5745
0.5745,0.5746,0.5748
0.5751,0.5758,0.5772
0.5800,0.5801,0.5801
0.5857,0.5858,0.5858
0.5910,0.5910,0.5922
0.5934,0.5936,0.5936
0.5962,0.5987,0.6020
0.6020,0.6020,0.6020
0.6020,0.6020,0.6020
0.6020,0.6020,0.6020
0.6020,0.6020,0.6020
0.6020,0.6020,0.6020
0.6020,0.6020,0.6020
0.6020,0.6020,0.6020
0.6020,0.6020,0.6020
0.6020,0.6020,0.6020
0.6020,0.6020,0.6020
0.6020,0.6020,0.6020
0.6020,0.6020,0.6020
0.6020,0.6020,0.6020
0.6021,0.6021,0.6022
0.6023,0.6026,0.6033
0.6045,0.6070,0.6087
0.6130,0.6130,0.6130
0.6130,0.6130,0.6130
0.6130,0.6130,0.6130
0.6130,0.6130,0.6130
0.6130,0.6130,0.6130
0.6130,0.6130,0.6130
0.6130,0.6130,0.6130
0.6130,0.6130,0.6130
0.6130,0.6130,0.6130
0.6130,0.6130,0.6130
0.6130,0.6130,0.6130
0.6130,0.6130,0.6130
0.6130,0.6130,0.6130
0.6130,0.6130,0.6131
0.6131,0.6131,0.6132
0.6135,0.6139,0.6148
0.6166,0.6200,0.6225
0.6225,0.6225,0.6225
0.6225,0.6225,0.6225
0.6225,0.6225,0.6225
0.6225,0.6225,0.6225
0.6225,0.6225,0.6225
0.6225,0.6225,0.6225
0.6225,0.6225,0.6225
0.6225,0.6225,0.6225
0.6225,0.6225,0.6225
0.6225,0.6225,0.6225
0.6225,0.6225,0.6225
0.6225,0.6225,0.6225
0.6225,0.6225,0.6225
0.6225,0.6225,0.6225
0.6226,0.6227,0.6230
0.6234,0.6244,0.6262
0.6293,0.6293,0.6293
0.6293,0.6293,0.6293
0.6293,0.6293,0.6293
0.6293,0.6293,0.6293
0.6293,0.6293,0.6293
0.6293,0.6293,0.6293
0.6293,0.6293,0.6293
0.6293,0.6293,0.6293
0.6293,0.6293,0.6293
0.6293,0.6293,0.6293
0.6293,0.6293,0.6293
0.6293,0.6293,0.6293
0.6293,0.6293,0.6293
0.6293,0.6293,0.6293
0.6294,0.6295,0.6297
0.6302,0.6310,0.6328
0.6362,0.6365,0.6373
0.6373,0.6421,0.6467
0.6482,0.6526,0.6567
0.6587,0.6588,0.6588
0.6588,0.6588,0.6588
0.6589,0.6589,0.6591
0.6593,0.6598,0.6608
0.6628,0.6629,0.6629
0.6629,0.6630,0.6630
0.6630,0.6631,0.6632
0.6635,0.6639,0.6649
0.6667,0.6682,0.6682
0.6682,0.6682,0.6682
0.6682,0.6682,0.6682
0.6682,0.6682,0.6682
0.6682,0.6682,0.6682
0.6682,0.6682,0.6682
0.6682,0.6682,0.6682
0.6682,0.6682,0.6682
0.6682,0.6682,0.6682
0.6682,0.6682,0.6682
0.6683,0.6683,0.6683
0.6683,0.6683,0.6683
0.6684,0.6687,0.6691
0.6698,0.6698,0.6713
0.6728,0.6733,0.6733
0.6766,0.6768,0.6800
0.6831,0.6846,0.6874
0.6874,0.6874,0.6875
0.6875,0.6875,0.6875
0.6876,0.6876,0.6878
0.6882,0.6889,0.6903
0.6914,0.6915,0.6915
0.6915,0.6915,0.6915
0.6915,0.6915,0.6915
0.6915,0.6915,0.6915
0.6915,0.6915,0.6915
0.6915,0.6915,0.6915
0.6915,0.6915,0.6915
0.6915,0.6915,0.6915
0.6915,0.6915,0.6915
0.6915,0.6915,0.6915
0.6915,0.6915,0.6916
0.6918,0.6922,0.6928
0.6942,0.6958,0.6958
0.6958,0.6958,0.6958
0.6958,0.6958,0.6958
0.6958,0.6958,0.6958
0.6958,0.6958,0.6958
0.6958,0.6958,0.6958
0.6958,0.6958,0.6958
0.6958,0.6958,0.6958
0.6958,0.6958,0.6958
0.6958,0.6958,0.6958
0.6958,0.6958,0.6958
0.6958,0.6958,0.6959
0.6959,0.6961,0.6965
0.6972,0.6974,0.6990
0.6992,0.6992,0.7012
0.7026,0.7045,0.7063
0.7071,0.7071,0.7071
0.7072,0.7072,0.7072
0.7072,0.7072,0.7073
0.7073,0.7075,0.7079
0.7086,0.7086,0.7086
0.7086,0.7088,0.7088
0.7088,0.7088,0.7088
0.7088,0.7088,0.7088
0.7088,0.7088,0.7088
0.7088,0.7088,0.7088
0.7088,0.7088,0.7088
0.7088,0.7088,0.7088
0.7088,0.7088,0.7088
0.7088,0.7088,0.7088
0.7088,0.7088,0.7088
0.7088,0.7088,0.7088
0.7088,0.7088,0.7088
0.7088,0.7088,0.7088
0.7089,0.7089,0.7090
0.7091,0.7093,0.7098
0.7108,0.7112,0.7112
0.7112,0.7112,0.7112
0.7112,0.7112,0.7112
0.7112,0.7112,0.7112
0.7112,0.7112,0.7112
0.7112,0.7112,0.7112
0.7112,0.7112,0.7112
0.7112,0.7112,0.7112
0.7112,0.7112,0.7112
0.7112,0.7112,0.7112
0.7112,0.7112,0.7112
0.7112,0.7112,0.7113
0.7114,0.7116,0.7119
0.7127,0.7136,0.7136
0.7136,0.7136,0.7136
0.7136,0.7136,0.7136
0.7136,0.7136,0.7136
0.7136,0.7136,0.7136
0.7136,0.7136,0.7136
0.7136,0.7136,0.7136
0.7136,0.7136,0.7136
0.7136,0.7136,0.7136
0.7136,0.7136,0.7136
0.7136,0.7136,0.7136
0.7136,0.7136,0.7136
0.7137,0.7137,0.7139
0.7142,0.7147,0.7148
0.7156,0.7156,0.7156
0.7156,0.7156,0.7156
0.7156,0.7156,0.7156
0.7156,0.7156,0.7156
0.7156,0.7156,0.7156
0.7156,0.7156,0.7156
0.7156,0.7156,0.7156
0.7156,0.7156,0.7156
0.7156,0.7156,0.7156
0.7156,0.7156,0.7156
0.7156,0.7156,0.7156
0.7156,0.7156,0.7156
0.7156,0.7156,0.7156
0.7156,0.7157,0.7157
0.7159,0.7161,0.7166
0.7171,0.7171,0.7171
0.7171,0.7171,0.7171
0.7171,0.7171,0.7171
0.7171,0.7171,0.7171
0.7171,0.7171,0.7171
0.7171,0.7171,0.7171
0.7171,0.7171,0.7171
0.7171,0.7171,0.7171
0.7171,0.7171,0.7171
0.7171,0.7171,0.7171
0.7171,0.7171,0.7171
0.7171,0.7171,0.7171
0.7171,0.7171,0.7171
0.7171,0.7171,0.7171
0.7171,0.7171,0.7171
0.7171,0.7172,0.7173
0.7175,0.7178,0.7180
0.7190,0.7191,0.7191
0.7203,0.7210,0.7220
0.7231,0.7236,0.7245
0.7253,0.7257,0.7257
0.7257,0.7258,0.7258
0.7258,0.7258,0.7258
0.7258,0.7259,0.7260
0.7262,0.7265,0.7265
0.7265,0.7265,0.7265
0.7265,0.7265,0.7265
0.7265,0.7265,0.7265
0.7265,0.7265,0.7265
0.7265,0.7265,0.7265
0.7265,0.7265,0.7265
0.7265,0.7265,0.7265
0.7265,0.7265,0.7265
0.7265,0.7265,0.7265
0.7265,0.7265,0.7265
0.7265,0.7265,0.7265
0.7266,0.7266,0.7266
0.7266,0.7267,0.7269
0.7273,0.7275,0.7275
0.7275,0.7281,0.7286
0.7288,0.7292,0.7292
0.7292,0.7292,0.7292
0.7292,0.7292,0.7292
0.7292,0.7292,0.7292
0.7292,0.7292,0.7292
0.7292,0.7292,0.7292
0.7292,0.7292,0.7292
0.7292,0.7292,0.7292
0.7292,0.7292,0.7292
0.7292,0.7292,0.7292
0.7292,0.7292,0.7292
0.7292,0.7292,0.7292
0.7292,0.7292,0.7293
0.7293,0.7293,0.7293
0.7293,0.7294,0.7295
0.7296,0.7299,0.7299
0.7299,0.7299,0.7299
0.7299,0.7299,0.7299
0.7299,0.7299,0.7299
0.7299,0.7299,0.7299
0.7299,0.7299,0.7299
0.7299,0.7299,0.7299
0.7299,0.7299,0.7299
0.7299,0.7299,0.7299
0.7299,0.7299,0.7299
0.7299,0.7299,0.7299
0.7299,0.7299,0.7299
0.7299,0.7299,0.7299
0.7299,0.7300,0.7300
0.7301,0.7303,0.7303
0.7303,0.7303,0.7303
0.7303,0.7303,0.7303
0.7303,0.7303,0.7303
0.7303,0.7303,0.7303
0.7303,0.7303,0.7303
0.7303,0.7303,0.7303
0.7303,0.7303,0.7303
0.7303,0.7303,0.7303
0.7303,0.7303,0.7303
0.7303,0.7303,0.7303
0.7303,0.7303,0.7303
0.7303,0.7303,0.7303
0.7303,0.7303,0.7303
0.7304,0.7304,0.7304
0.7305,0.7307,0.7307
0.7307,0.7307,0.7307
0.7307,0.7307,0.7307
0.7307,0.7307,0.7307
0.7307,0.7307,0.7307
0.7307,0.7307,0.7307
0.7307,0.7307,0.7307
0.7307,0.7307,0.7307
0.7307,0.7307,0.7307
0.7307,0.7307,0.7307
0.7307,0.7307,0.7307
0.7307,0.7307,0.7307
0.7307,0.7307,0.7307
0.7307,0.7307,0.7307
0.7307,0.7307,0.7308
0.7308,0.7310,0.7312
0.7312,0.7312,0.7312
0.7312,0.7312,0.7312
0.7312,0.7312,0.7312
0.7312,0.7312,0.7312
0.7312,0.7312,0.7312
0.7312,0.7312,0.7312
0.7312,0.7312,0.7312
0.7312,0.7312,0.7312
0.7312,0.7312,0.7312
0.7312,0.7312,0.7312
0.7312,0.7312,0.7312
0.7312,0.7312,0.7312
0.7312,0.7313,0.7313
0.7313,0.7314,0.7316
0.7316,0.7316,0.7316
0.7317,0.7317,0.7317
0.7317,0.7317,0.7317
0.7317,0.7317,0.7317
0.7317,0.7317,0.7317
0.7317,0.7317,0.7317
0.7317,0.7317,0.7317
0.7317,0.7317,0.7317
0.7317,0.7317,0.7317
0.7317,0.7317,0.7317
0.7317,0.7317,0.7317
0.7317,0.7317,0.7317
0.7317,0.7317,0.7317
0.7317,0.7317,0.7317
0.7318,0.7320,0.7320
0.7320,0.7320,0.7320
0.7320,0.7320,0.7320
0.7320,0.7320,0.7320
0.7320,0.7320,0.7320
0.7320,0.7320,0.7320
0.7320,0.7320,0.7320
0.7320,0.7320,0.7320
0.7320,0.7320,0.7320
0.7320,0.7320,0.7320
0.7320,0.7320,0.7320
0.7320,0.7320,0.7320
0.7320,0.7320,0.7320
0.7320,0.7320,0.7320
0.7321,0.7322,0.7323
0.7325,0.7325,0.7325
0.7325,0.7325,0.7325
0.7325,0.7325,0.7325
0.7325,0.7325,0.7325
0.7325,0.7325,0.7325
0.7325,0.7325,0.7325
0.7325,0.7325,0.7325
0.7325,0.7325,0.7325
0.7325,0.7325,0.7325
0.7325,0.7325,0.7325
0.7325,0.7325,0.7325
0.7325,0.7325,0.7325
0.7325,0.7325,0.7325
0.7326,0.7326,0.7326
0.7327,0.7328,0.7330
0.7330,0.7330,0.7330
0.7330,0.7330,0.7330
0.7330,0.7330,0.7330
0.7330,0.7330,0.7330
0.7330,0.7330,0.7330
0.7330,0.7330,0.7330
0.7330,0.7330,0.7330
0.7330,0.7330,0.7330
0.7330,0.7330,0.7330
0.7330,0.7330,0.7330
0.7330,0.7330,0.7330
0.7330,0.7330,0.7330
0.7330,0.7331,0.7331
0.7332,0.7334,0.7334
0.7334,0.7334,0.7334
0.7334,0.7334,0.7334
0.7334,0.7334,0.7334
0.7334,0.7334,0.7334
0.7334,0.7334,0.7334
0.7334,0.7334,0.7334
0.7334,0.7334,0.7334
0.7334,0.7334,0.7334
0.7334,0.7334,0.7334
0.7334,0.7334,0.7334
0.7334,0.7334,0.7334
0.7334,0.7334,0.7334
0.7334,0.7334,0.7334
0.7335,0.7335,0.7336
0.7337,0.7340,0.7340
0.7340,0.7340,0.7340
0.7340,0.7340,0.7340
0.7340,0.7340,0.7340
0.7340,0.7340,0.7340
0.7340,0.7340,0.7340
0.7340,0.7340,0.7340
0.7340,0.7340,0.7340
0.7340,0.7340,0.7340
0.7340,0.7340,0.7340
0.7340,0.7340,0.7340
0.7340,0.7340,0.7340
0.7340,0.7341,0.7342
0.7344,0.7344,0.7344
0.7344,0.7344,0.7344
0.7344,0.7344,0.7344
0.7344,0.7344,0.7344
0.7344,0.7344,0.7344
0.7344,0.7344,0.7344
0.7344,0.7344,0.7344
0.7344,0.7344,0.7344
0.7344,0.7344,0.7344
0.7344,0.7344,0.7344
0.7344,0.7344,0.7344
0.7344,0.7344,0.7345
0.7345,0.7345,0.7346
0.7347,0.7349,0.7349
0.7349,0.7349,0.7349
0.7349,0.7349,0.7349
0.7349,0.7349,0.7349
0.7349,0.7349,0.7349
0.7349,0.7349,0.7349
0.7349,0.7349,0.7349
0.7349,0.7349,0.7349
0.7349,0.7349,0.7349
0.7349,0.7349,0.7349
0.7349,0.7349,0.7349
0.7349,0.7349,0.7349
0.7349,0.7350,0.7350
0.7351,0.7352,0.7354
0.7354,0.7354,0.7354
0.7354,0.7354,0.7354
0.7354,0.7354,0.7354
0.7354,0.7354,0.7354
0.7354,0.7354,0.7354
0.7354,0.7354,0.7354
0.7354,0.7354,0.7354
0.7354,0.7354,0.7354
0.7354,0.7354,0.7354
0.7354,0.7354,0.7354
0.7354,0.7354,0.7354
0.7354,0.7354,0.7354
0.7354,0.7354,0.7354
0.7355,0.7355,0.7357
0.7359,0.7359,0.7359
0.7359,0.7359,0.7359
0.7359,0.7359,0.7359
0.7359,0.7359,0.7359
0.7359,0.7359,0.7359
0.7359,0.7359,0.7359
0.7359,0.7359,0.7359
0.7359,0.7359,0.7359
0.7359,0.7359,0.7359
0.7359,0.7359,0.7359
0.7359,0.7359,0.7359
0.7359,0.7359,0.7359
0.7359,0.7359,0.7359
0.7360,0.7361,0.7364
0.7364,0.7364,0.7364
0.7364,0.7364,0.7364
0.7364,0.7364,0.7364
0.7364,0.7364,0.7364
0.7364,0.7364,0.7364
0.7364,0.7364,0.7364
0.7364,0.7364,0.7364
0.7364,0.7364,0.7364
0.7364,0.7364,0.7364
0.7364,0.7364,0.7364
0.7364,0.7364,0.7364
0.7364,0.7364,0.7364
0.7365,0.7367,0.7368
0.7368,0.7368,0.7368
0.7368,0.7368,0.7368
0.7368,0.7368,0.7368
0.7368,0.7368,0.7368
0.7368,0.7368,0.7368
0.7368,0.7368,0.7368
0.7368,0.7368,0.7368
0.7368,0.7368,0.7368
0.7368,0.7368,0.7368
0.7368,0.7368,0.7368
0.7368,0.7368,0.7368
0.7368,0.7368,0.7368
0.7369,0.7369,0.7369
0.7370,0.7371,0.7373
0.7373,0.7373,0.7373
0.7373,0.7373,0.7373
0.7373,0.7373,0.7373
0.7374,0.7374,0.7376
0.7378,0.7378,0.7378
0.7378,0.7378,0.7378
0.7378,0.7378,0.7378
0.7378,0.7378,0.7378
0.7378,0.7378,0.7378
0.7378,0.7378,0.7378
0.7378,0.7378,0.7378
0.7378,0.7378,0.7378
0.7378,0.7378,0.7378
0.7378,0.7378,0.7378
0.7378,0.7378,0.7378
0.7378,0.7378,0.7378
0.7378,0.7378,0.7379
0.7380,0.7381,0.7381
0.7381,0.7381,0.7381
0.7381,0.7381,0.7381
0.7381,0.7381,0.7381
0.7381,0.7381,0.7381
0.7381,0.7381,0.7381
0.7381,0.7381,0.7381
0.7381,0.7381,0.7381
0.7381,0.7381,0.7381
0.7381,0.7381,0.7381
0.7381,0.7381,0.7381
0.7381,0.7381,0.7381
0.7381,0.7382,0.7382
0.7382,0.7382,0.7383
0.7384,0.7386,0.7387
0.7387,0.7387,0.7387
0.7387,0.7387,0.7387
0.7387,0.7387,0.7387
0.7387,0.7387,0.7387
0.7387,0.7387,0.7387
0.7387,0.7387,0.7387
0.7387,0.7387,0.7387
0.7387,0.7387,0.7387
0.7387,0.7387,0.7387
0.7387,0.7387,0.7387
0.7387,0.7387,0.7387
0.7387,0.7387,0.7387
0.7388,0.7388,0.7389
0.7390,0.7391,0.7391
0.7391,0.7391,0.7391
0.7391,0.7391,0.7391
0.7391,0.7391,0.7391
0.7391,0.7391,0.7391
0.7391,0.7391,0.7391
0.7391,0.7391,0.7391
0.7391,0.7391,0.7391
0.7391,0.7391,0.7391
0.7391,0.7391,0.7391
0.7391,0.7391,0.7391
0.7391,0.7391,0.7391
0.7391,0.7391,0.7391
0.7391,0.7391,0.7391
0.7392,0.7394,0.7394
0.7394,0.7394,0.7394
0.7394,0.7394,0.7394
0.7394,0.7394,0.7394
0.7394,0.7394,0.7394
0.7394,0.7394,0.7394
0.7394,0.7394,0.7394
0.7394,0.7394,0.7394
0.7394,0.7394,0.7394
0.7394,0.7394,0.7394
0.7394,0.7394,0.7394
0.7394,0.7394,0.7394
0.7394,0.7394,0.7394
0.7394,0.7394,0.7394
0.7395,0.7395,0.7397
0.7397,0.7397,0.7397
0.7397,0.7397,0.7397
0.7397,0.7397,0.7397
0.7397,0.7397,0.7397
0.7397,0.7397,0.7397
0.7397,0.7397,0.7397
0.7397,0.7397,0.7397
0.7397,0.7397,0.7397
0.7397,0.7397,0.7397
0.7397,0.7397,0.7397
0.7397,0.7397,0.7397
0.7397,0.7397,0.7397
0.7397,0.7397,0.7397
0.7398,0.7398,0.7399
0.7400,0.7400,0.7400
0.7400,0.7401,0.7401
0.7401,0.7401,0.7401
0.7401,0.7401,0.7401
0.7401,0.7401,0.7401
0.7401,0.7401,0.7401
0.7401,0.7401,0.7401
0.7401,0.7401,0.7401
0.7401,0.7401,0.7401
0.7401,0.7401,0.7401
0.7401,0.7401,0.7401
0.7401,0.7401,0.7401
0.7401,0.7401,0.7401
0.7401,0.7401,0.7402
0.7403,0.7406,0.7406
0.7406,0.7406,0.7406
0.7406,0.7406,0.7406
0.7406,0.7406,0.7406
0.7406,0.7406,0.7406
0.7406,0.7406,0.7406
0.7406,0.7406,0.7406
0.7406,0.7406,0.7406
0.7406,0.7406,0.7406
0.7406,0.7406,0.7406
0.7406,0.7406,0.7406
0.7406,0.7406,0.7406
0.7406,0.7406,0.7407
0.7407,0.7407,0.7407
0.7407,0.7408,0.7410
0.7410,0.7410,0.7410
0.7410,0.7410,0.7410
0.7410,0.7410,0.7410
0.7410,0.7410,0.7410
0.7410,0.7410,0.7410
0.7410,0.7410,0.7410
0.7410,0.7410,0.7410
0.7410,0.7410,0.7410
0.7410,0.7410,0.7410
0.7410,0.7410,0.7410
0.7410,0.7410,0.7410
0.7410,0.7410,0.7410
0.7410,0.7410,0.7410
0.7411,0.7412,0.7413
0.7413,0.7413,0.7413
0.7414,0.7414,0.7414
0.7414,0.7414,0.7414
0.7415,0.7416,0.7416
0.7418,0.7418,0.7418
0.7418,0.7418,0.7418
0.7418,0.7418,0.7418
0.7418,0.7418,0.7418
0.7418,0.7418,0.7418
0.7418,0.7418,0.7418
0.7418,0.7418,0.7418
0.7418,0.7418,0.7418
0.7418,0.7418,0.7418
0.7418,0.7418,0.7418
0.7418,0.7418,0.7418
0.7418,0.7418,0.7418
0.7419,0.7419,0.7419
0.7420,0.7422,0.7422
0.7422,0.7422,0.7422
0.7422,0.7422,0.7422
0.7422,0.7422,0.7422
0.7423,0.7424,0.7425
0.7426,0.7426,0.7426
0.7426,0.7426,0.7426
0.7426,0.7426,0.7426
0.7426,0.7426,0.7426
0.7426,0.7426,0.7426
0.7426,0.7426,0.7426
0.7426,0.7426,0.7426
0.7426,0.7426,0.7426
0.7426,0.7426,0.7426
0.7426,0.7426,0.7426
0.7426,0.7426,0.7426
0.7426,0.7426,0.7426
0.7426,0.7426,0.7426
0.7426,0.7426,0.7426
0.7426,0.7426,0.7426
0.7427,0.7428,0.7429
0.7430,0.7430,0.7430
0.7430,0.7430,0.7430
0.7430,0.7430,0.7430
0.7430,0.7430,0.7430
0.7430,0.7430,0.7430
0.7430,0.7430,0.7430
0.7430,0.7430,0.7430
0.7430,0.7430,0.7430
0.7430,0.7430,0.7430
0.7430,0.7430,0.7430
0.7430,0.7430,0.7430
0.7430,0.7430,0.7430
0.7430,0.7430,0.7430
0.7430,0.7431,0.7432
0.7434,0.7435,0.7435
0.7435,0.7435,0.7435
0.7435,0.7435,0.7435
0.7435,0.7435,0.7435
0.7435,0.7435,0.7435
0.7435,0.7435,0.7435
0.7435,0.7435,0.7435
0.7435,0.7435,0.7435
0.7435,0.7435,0.7435
0.7435,0.7435,0.7435
0.7435,0.7435,0.7435
0.7436,0.7436,0.7436
0.7436,0.7436,0.7436
0.7437,0.7438,0.7440
0.7440,0.7440,0.7440
0.7440,0.7440,0.7440
0.7440,0.7440,0.7440
0.7440,0.7440,0.7440
0.7440,0.7440,0.7440
0.7440,0.7440,0.7440
0.7440,0.7440,0.7440
0.7440,0.7440,0.7440
0.7440,0.7440,0.7440
0.7440,0.7440,0.7440
0.7440,0.7440,0.7440
0.7440,0.7440,0.7440
0.7440,0.7440,0.7440
0.7440,0.7440,0.7440
0.7441,0.7443,0.7445
0.7445,0.7445,0.7445
0.7445,0.7445,0.7445
0.7445,0.7445,0.7445
0.7445,0.7445,0.7445
0.7445,0.7445,0.7445
0.7445,0.7445,0.7445
0.7445,0.7445,0.7445
0.7445,0.7445,0.7445
0.7445,0.7445,0.7445
0.7445,0.7445,0.7445
0.7445,0.7445,0.7445
0.7445,0.7445,0.7445
0.7445,0.7445,0.7445
0.7445,0.7445,0.7446
0.7447,0.7449,0.7449
0.7449,0.7449,0.7449
0.7449,0.7449,0.7449
0.7449,0.7449,0.7449
0.7450,0.7450,0.7452
0.7454,0.7455,0.7455
0.7455,0.7455,0.7455
0.7455,0.7455,0.7455
0.7455,0.7455,0.7455
0.7455,0.7455,0.7455
0.7455,0.7455,0.7455
0.7455,0.7455,0.7455
0.7455,0.7455,0.7455
0.7455,0.7455,0.7455
0.7455,0.7455,0.7455
0.7455,0.7455,0.7455
0.7455,0.7455,0.7455
0.7455,0.7456,0.7456
0.7457,0.7458,0.7460
0.7460,0.7460,0.7460
0.7460,0.7460,0.7460
0.7460,0.7460,0.7460
0.7460,0.7460,0.7460
0.7460,0.7460,0.7460
0.7460,0.7460,0.7460
0.7460,0.7460,0.7460
0.7460,0.7460,0.7460
0.7460,0.7460,0.7460
0.7460,0.7460,0.7460
0.7460,0.7460,0.7460
0.7460,0.7460,0.7460
0.7461,0.7461,0.7462
0.7463,0.7465,0.7465
0.7465,0.7465,0.7465
0.7465,0.7465,0.7465
0.7465,0.7465,0.7465
0.7465,0.7465,0.7465
0.7465,0.7465,0.7465
0.7465,0.7465,0.7465
0.7465,0.7465,0.7465
0.7465,0.7465,0.7465
0.7465,0.7465,0.7465
0.7465,0.7465,0.7465
0.7465,0.7465,0.7465
0.7466,0.7466,0.7466
0.7466,0.7467,0.7469
0.7470,0.7470,0.7470
0.7470,0.7470,0.7470
0.7470,0.7470,0.7470
0.7470,0.7470,0.7471
0.7473,0.7476,0.7476
0.7476,0.7476,0.7476
0.7476,0.7476,0.7476
0.7476,0.7476,0.7476
0.7476,0.7476,0.7476
0.7476,0.7476,0.7476
0.7476,0.7476,0.7476
0.7476,0.7476,0.7476
0.7476,0.7476,0.7476
0.7476,0.7476,0.7476
0.7476,0.7476,0.7476
0.7476,0.7476,0.7476
0.7476,0.7476,0.7476
0.7476,0.7476,0.7476
0.7477,0.7478,0.7480
0.7480,0.7480,0.7480
0.7480,0.7480,0.7480
0.7480,0.7480,0.7480
0.7480,0.7480,0.7480
0.7480,0.7480,0.7480
0.7480,0.7480,0.7480
0.7480,0.7480,0.7480
0.7480,0.7480,0.7480
0.7480,0.7480,0.7480
0.7480,0.7480,0.7480
0.7480,0.7480,0.7480
0.7480,0.7480,0.7480
0.7480,0.7480,0.7481
0.7481,0.7483,0.7485
0.7485,0.7485,0.7486
0.7487,0.7488,0.7489
0.7489,0.7489,0.7489
0.7489,0.7489,0.7489
0.7489,0.7489,0.7489
0.7489,0.7489,0.7489
0.7489,0.7489,0.7489
0.7489,0.7489,0.7489
0.7489,0.7489,0.7489
0.7489,0.7489,0.7489
0.7489,0.7489,0.7489
0.7489,0.7489,0.7489
0.7489,0.7489,0.7489
0.7489,0.7489,0.7489
0.7489,0.7489,0.7490
0.7491,0.7493,0.7493
0.7493,0.7493,0.7493
0.7493,0.7493,0.7493
0.7493,0.7493,0.7493
0.7493,0.7493,0.7493
0.7493,0.7493,0.7493
0.7493,0.7493,0.7493
0.7493,0.7493,0.7493
0.7493,0.7493,0.7493
0.7493,0.7493,0.7493
0.7493,0.7493,0.7493
0.7493,0.7493,0.7493
0.7493,0.7493,0.7493
0.7493,0.7493,0.7493
0.7494,0.7494,0.7495
0.7496,0.7499,0.7499
0.7499,0.7499,0.7499
0.7499,0.7499,0.7499
0.7499,0.7499,0.7499
0.7499,0.7499,0.7499
0.7499,0.7499,0.7499
0.7499,0.7499,0.7499
0.7499,0.7499,0.7499
0.7499,0.7499,0.7499
0.7499,0.7499,0.7499
0.7499,0.7499,0.7499
0.7499,0.7499,0.7499
0.7499,0.7499,0.7499
0.7500,0.7501,0.7503
0.7503,0.7503,0.7503
0.7503,0.7503,0.7503
0.7503,0.7503,0.7503
0.7503,0.7503,0.7503
0.7503,0.7503,0.7503
0.7503,0.7503,0.7503
0.7503,0.7503,0.7503
0.7503,0.7503,0.7503
0.7503,0.7503,0.7503
0.7503,0.7503,0.7503
0.7503,0.7503,0.7503
0.7503,0.7503,0.7503
0.7503,0.7503,0.7503
0.7503,0.7504,0.7505
0.7506,0.7507,0.7507
0.7507,0.7507,0.7507
0.7507,0.7507,0.7507
0.7507,0.7507,0.7507
0.7507,0.7507,0.7507
0.7507,0.7507,0.7507
0.7507,0.7507,0.7507
0.7507,0.7507,0.7507
0.7507,0.7507,0.7507
0.7507,0.7507,0.7507
0.7507,0.7507,0.7507
0.7507,0.7507,0.7507
0.7507,0.7507,0.7507
0.7507,0.7507,0.7508
0.7508,0.7509,0.7510
0.7511,0.7511,0.7511
0.7511,0.7511,0.7511
0.7511,0.7511,0.7511
0.7511,0.7511,0.7511
0.7511,0.7511,0.7511
0.7511,0.7511,0.7511
0.7511,0.7511,0.7511
0.7511,0.7511,0.7511
0.7511,0.7511,0.7511
0.7511,0.7511,0.7511
0.7511,0.7511,0.7511
0.7511,0.7511,0.7511
0.7511,0.7512,0.7512
0.7513,0.7515,0.7517
0.7517,0.7517,0.7518
0.7518,0.7519,0.7522
0.7522,0.7522,0.7522
0.7522,0.7522,0.7522
0.7522,0.7522,0.7522
0.7522,0.7522,0.7522
0.7522,0.7522,0.7522
0.7522,0.7522,0.7522
0.7522,0.7522,0.7522
0.7522,0.7522,0.7522
0.7522,0.7522,0.7522
0.7522,0.7522,0.7522
0.7522,0.7522,0.7522
0.7522,0.7522,0.7522
0.7523,0.7523,0.7524
0.7525,0.7526,0.7526
0.7528,0.7528,0.7528
0.7529,0.7529,0.7529
0.7529,0.7529,0.7530
0.7530,0.7532,0.7532
0.7532,0.7532,0.7532
0.7532,0.7532,0.7532
0.7532,0.7532,0.7532
0.7532,0.7532,0.7532
0.7532,0.7532,0.7532
0.7532,0.7532,0.7532
0.7532,0.7532,0.7532
0.7532,0.7532,0.7532
0.7532,0.7532,0.7532
0.7532,0.7532,0.7532
0.7532,0.7532,0.7532
0.7532,0.7532,0.7532
0.7532,0.7532,0.7533
0.7533,0.7533,0.7534
0.7536,0.7536,0.7536
0.7536,0.7537,0.7537
0.7537,0.7537,0.7537
0.7537,0.7537,0.7538
0.7539,0.7542,0.7542
0.7542,0.7542,0.7542
0.7542,0.7542,0.7542
0.7542,0.7542,0.7543
0.7543,0.7543,0.7545
0.7547,0.7547,0.7547
0.7547,0.7547,0.7547
0.7547,0.7547,0.7547
0.7547,0.7547,0.7547
0.7547,0.7547,0.7547
0.7547,0.7547,0.7547
0.7547,0.7547,0.7547
0.7547,0.7547,0.7547
0.7547,0.7547,0.7547
0.7547,0.7547,0.7547
0.7547,0.7547,0.7547
0.7547,0.7548,0.7548
0.7548,0.7548,0.7548
0.7548,0.7549,0.7550
0.7550,0.7553,0.7553
0.7553,0.7553,0.7553
0.7553,0.7553,0.7553
0.7553,0.7553,0.7553
0.7553,0.7553,0.7553
0.7553,0.7553,0.7553
0.7553,0.7553,0.7553
0.7553,0.7553,0.7553
0.7553,0.7553,0.7553
0.7553,0.7553,0.7553
0.7553,0.7553,0.7553
0.7553,0.7553,0.7553
0.7553,0.7553,0.7554
0.7554,0.7554,0.7556
0.7558,0.7558,0.7558
0.7558,0.7558,0.7558
0.7558,0.7558,0.7558
0.7558,0.7558,0.7558
0.7558,0.7558,0.7558
0.7558,0.7558,0.7558
0.7558,0.7558,0.7558
0.7558,0.7558,0.7558
0.7558,0.7558,0.7558
0.7558,0.7558,0.7558
0.7558,0.7558,0.7558
0.7558,0.7558,0.7558
0.7558,0.7558,0.7558
0.7559,0.7560,0.7562
0.7565,0.7565,0.7565
0.7565,0.7565,0.7565
0.7565,0.7565,0.7565
0.7565,0.7565,0.7565
0.7565,0.7565,0.7565
0.7565,0.7565,0.7565
0.7565,0.7565,0.7565
0.7565,0.7565,0.7565
0.7565,0.7565,0.7565
0.7565,0.7565,0.7565
0.7565,0.7565,0.7565
0.7565,0.7565,0.7566
0.7566,0.7566,0.7567
0.7568,0.7571,0.7571
0.7571,0.7573,0.7575
0.7575,0.7575,0.7575
0.7575,0.7575,0.7575
0.7575,0.7575,0.7575
0.7575,0.7575,0.7575
0.7575,0.7575,0.7575
0.7575,0.7575,0.7575
0.7575,0.7575,0.7575
0.7575,0.7575,0.7575
0.7575,0.7575,0.7575
0.7575,0.7575,0.7575
0.7575,0.7575,0.7575
0.7575,0.7575,0.7575
0.7575,0.7575,0.7575
0.7575,0.7576,0.7577
0.7579,0.7579,0.7579
0.7582,0.7582,0.7584
0.7587,0.7592,0.7596
0.7601,0.7601,0.7601
0.7602,0.7602,0.7602
0.7602,0.7602,0.7602
0.7602,0.7603,0.7604
0.7607,0.7610,0.7610
0.7610,0.7610,0.7610
0.7610,0.7610,0.7610
0.7610,0.7610,0.7610
0.7610,0.7610,0.7610
0.7610,0.7610,0.7610
0.7610,0.7610,0.7610
0.7610,0.7610,0.7610
0.7610,0.7610,0.7610
0.7610,0.7610,0.7610
0.7610,0.7610,0.7610
0.7610,0.7611,0.7612
0.7613,0.7617,0.7618
0.7618,0.7624,0.7625
0.7631,0.7637,0.7641
0.7647,0.7652,0.7652
0.7656,0.7662,0.7682
0.7708,0.7752,0.7806
0.7836,0.7911,0.7989
0.8037,0.8133,0.8243
0.8302,0.8412,0.8557
0.8611,0.8762,0.8895
0.8968,0.9160,0.9161
0.9161,0.9280,0.9409
0.9536,0.9536,0.9537
0.9537,0.9537,0.9538
0.9539,0.9541,0.9547
0.9561,0.9602,0.9608
0.9608,0.9728,0.9788
0.9888,0.9890,0.9890
1.0091,1.0092,1.0092
1.0093,1.0093,1.0093
1.0093,1.0094,1.0096
1.0096,1.0104,1.0119
1.0130,1.0130,1.0130
1.0130,1.0130,1.0131
1.0131,1.0131,1.0133
1.0135,1.0140,1.0152
1.0154,1.0154,1.0184
1.0215,1.0258,1.0258
1.0280,1.0280,1.0289
1.0289,1.0296,1.0301
1.0307,1.0307,1.0316
1.0316,1.0329,1.0339
1.0339,1.0355,1.0355
1.0374,1.0396,1.0441
1.0506,1.0512,1.0512
1.0528,1.0528,1.0543
1.0544,1.0544,1.0556
1.0556,1.0569,1.0572
1.0572,1.0590,1.0610
1.0650,1.0664,1.0699
1.0699,1.0768,1.0768
1.0769,1.0769,1.0769
1.0771,1.0772,1.0774
1.0780,1.0790,1.0812
1.0850,1.0864,1.0864
1.0881,1.0886,1.0886
1.0908,1.0912,1.0912
1.0945,1.0959,1.0959
1.0994,1.0994,1.1024
1.1047,1.1047,1.1060
1.1060,1.1070,1.1080
1.1102,1.1145,1.1179
1.1179,1.1182,1.1182
1.1182,1.1184,1.1186
1.1191,1.1200,1.1219
1.1229,1.1229,1.1245
1.1261,1.1291,1.1291
1.1344,1.1345,1.1345
1.1345,1.1345,1.1345
1.1345,1.1345,1.1345
1.1345,1.1345,1.1345
1.1345,1.1345,1.1345
1.1345,1.1345,1.1345
1.1345,1.1345,1.1345
1.1345,1.1345,1.1345
1.1345,1.1345,1.1345
1.1345,1.1345,1.1345
1.1345,1.1346,1.1346
1.1346,1.1348,1.1350
1.1354,1.1364,1.1382
1.1404,1.1412,1.1412
1.1467,1.1526,1.1544
1.1596,1.1649,1.1670
1.1670,1.1670,1.1670
1.1670,1.1670,1.1671
1.1671,1.1672,1.1674
1.1675,1.1675,1.1680
1.1685,1.1696,1.1717
1.1740,1.1740,1.1740
1.1740,1.1740,1.1740
1.1740,1.1740,1.1740
1.1740,1.1740,1.1740
1.1740,1.1740,1.1740
1.1740,1.1740,1.1740
1.1740,1.1740,1.1740
1.1740,1.1740,1.1740
1.1740,1.1740,1.1740
1.1740,1.1740,1.1740
1.1740,1.1741,1.1741
1.1742,1.1744,1.1748
1.1755,1.1771,1.1792
1.1824,1.1824,1.1828
1.1828,1.1828,1.1828
1.1828,1.1828,1.1828
1.1828,1.1828,1.1828
1.1828,1.1828,1.1828
1.1828,1.1828,1.1828
1.1828,1.1828,1.1828
1.1828,1.1828,1.1828
1.1828,1.1828,1.1828
1.1828,1.1828,1.1828
1.1828,1.1828,1.1828
1.1828,1.1828,1.1828
1.1828,1.1828,1.1829
1.1830,1.1832,1.1835
1.1842,1.1857,1.1858
1.1858,1.1892,1.1904
1.1904,1.1904,1.1906
1.1906,1.1906,1.1906
1.1906,1.1906,1.1906
1.1906,1.1906,1.1906
1.1906,1.1906,1.1906
1.1906,1.1906,1.1906
1.1906,1.1906,1.1906
1.1906,1.1906,1.1906
1.1906,1.1906,1.1906
1.1906,1.1906,1.1906
1.1906,1.1906,1.1906
1.1906,1.1906,1.1906
1.1906,1.1907,1.1909
1.1912,1.1919,1.1931
1.1958,1.1959,1.1959
1.1959,1.1959,1.1959
1.1959,1.1959,1.1959
1.1959,1.1959,1.1959
1.1959,1.1959,1.1959
1.1959,1.1959,1.1959
1.1959,1.1959,1.1959
1.1959,1.1959,1.1959
1.1959,1.1959,1.1959
1.1959,1.1959,1.1959
1.1959,1.1960,1.1962
1.1964,1.1970,1.1981
1.2002,1.2005,1.2010
1.2010,1.2010,1.2010
1.2010,1.2010,1.2010
1.2010,1.2010,1.2010
1.2010,1.2010,1.2010
1.2010,1.2010,1.2010
1.2010,1.2010,1.2010
1.2010,1.2010,1.2010
1.2010,1.2010,1.2010
1.2010,1.2010,1.2010
1.2010,1.2010,1.2010
1.2010,1.2010,1.2010
1.2010,1.2010,1.2010
1.2011,1.2012,1.2014
1.2017,1.2025,1.2040
1.2042,1.2042,1.2072
1.2073,1.2073,1.2075
1.2075,1.2075,1.2075
1.2075,1.2075,1.2075
1.2075,1.2075,1.2075
1.2075,1.2075,1.2075
1.2075,1.2075,1.2075
1.2075,1.2075,1.2075
1.2075,1.2075,1.2075
1.2075,1.2075,1.2075
1.2075,1.2075,1.2075
1.2075,1.2075,1.2075
1.2075,1.2075,1.2075
1.2075,1.2076,1.2076
1.2077,1.2079,1.2083
1.2092,1.2101,1.2126
1.2126,1.2126,1.2126
1.2126,1.2126,1.2126
1.2126,1.2126,1.2126
1.2126,1.2126,1.2126
1.2126,1.2126,1.2126
1.2126,1.2126,1.2126
1.2126,1.2126,1.2126
1.2126,1.2126,1.2126
1.2126,1.2126,1.2126
1.2126,1.2126,1.2126
1.2126,1.2126,1.2126
1.2126,1.2127,1.2127
1.2127,1.2128,1.2130
1.2133,1.2140,1.2154
1.2173,1.2173,1.2190
1.2206,1.2206,1.2206
1.2207,1.2207,1.2207
1.2207,1.2207,1.2207
1.2207,1.2207,1.2207
1.2207,1.2207,1.2207
1.2207,1.2207,1.2207
1.2207,1.2207,1.2207
1.2207,1.2207,1.2207
1.2207,1.2207,1.2207
1.2207,1.2207,1.2207
1.2207,1.2207,1.2207
1.2207,1.2207,1.2207
1.2207,1.2208,1.2208
1.2210,1.2212,1.2217
1.2227,1.2247,1.2248
1.2248,1.2273,1.2273
1.2273,1.2275,1.2275
1.2275,1.2275,1.2275
1.2275,1.2275,1.2275
1.2275,1.2275,1.2275
1.2275,1.2275,1.2275
1.2275,1.2275,1.2275
1.2275,1.2275,1.2275
1.2275,1.2275,1.2275
1.2275,1.2275,1.2275
1.2275,1.2275,1.2275
1.2275,1.2275,1.2275
1.2275,1.2275,1.2275
1.2276,1.2276,1.2278
1.2281,1.2288,1.2301
1.2301,1.2301,1.2301
1.2301,1.2301,1.2301
1.2301,1.2301,1.2301
1.2301,1.2301,1.2301
1.2301,1.2301,1.2301
1.2301,1.2301,1.2301
1.2301,1.2301,1.2301
1.2301,1.2301,1.2301
1.2301,1.2301,1.2301
1.2301,1.2301,1.2301
1.2301,1.2302,1.2302
1.2302,1.2302,1.2304
1.2306,1.2309,1.2309
1.2316,1.2323,1.2337
1.2350,1.2353,1.2353
1.2353,1.2353,1.2353
1.2353,1.2353,1.2353
1.2353,1.2353,1.2353
1.2353,1.2353,1.2353
1.2353,1.2353,1.2353
1.2353,1.2353,1.2353
1.2353,1.2353,1.2353
1.2353,1.2353,1.2353
1.2353,1.2353,1.2353
1.2353,1.2353,1.2353
1.2353,1.2353,1.2353
1.2353,1.2354,1.2355
1.2356,1.2359,1.2365
1.2376,1.2377,1.2377
1.2401,1.2401,1.2401
1.2403,1.2403,1.2403
1.2404,1.2405,1.2408
1.2414,1.2423,1.2443
1.2443,1.2443,1.2443
1.2444,1.2444,1.2444
1.2444,1.2444,1.2444
1.2444,1.2444,1.2444
1.2444,1.2444,1.2444
1.2444,1.2444,1.2444
1.2444,1.2444,1.2444
1.2444,1.2444,1.2444
1.2444,1.2444,1.2444
1.2444,1.2444,1.2444
1.2444,1.2444,1.2444
1.2444,1.2444,1.2444
1.2444,1.2445,1.2446
1.2447,1.2450,1.2455
1.2466,1.2467,1.2467
1.2467,1.2467,1.2467
1.2467,1.2467,1.2467
1.2467,1.2467,1.2467
1.2467,1.2467,1.2467
1.2467,1.2467,1.2467
1.2467,1.2467,1.2467
1.2467,1.2467,1.2467
1.2467,1.2467,1.2467
1.2467,1.2467,1.2467
1.2467,1.2467,1.2467
1.2467,1.2467,1.2467
1.2467,1.2467,1.2468
1.2468,1.2470,1.2472
1.2478,1.2488,1.2491
1.2508,1.2508,1.2508
1.2508,1.2508,1.2508
1.2508,1.2508,1.2508
1.2508,1.2508,1.2508
1.2508,1.2508,1.2508
1.2508,1.2508,1.2508
1.2508,1.2508,1.2508
1.2508,1.2508,1.2508
1.2508,1.2508,1.2508
1.2508,1.2508,1.2508
1.2508,1.2508,1.2508
1.2508,1.2508,1.2508
1.2509,1.2509,1.2511
1.2513,1.2518,1.2528
1.2542,1.2542,1.2555
1.2569,1.2569,1.2569
1.2569,1.2569,1.2569
1.2570,1.2571,1.2572
1.2574,1.2579,1.2589
1.2590,1.2590,1.2605
1.2605,1.2616,0.0100
0.0103,0.0112,0.0119
0.0139,0.0168,0.0185
0.0226,0.0275,0.0303
0.0365,0.0435,0.0473
0.0555,0.0646,0.0694
0.0771,0.0771,0.0772
0.0772,0.0773,0.0773
0.0774,0.0774,0.0775
0.0776,0.0777,0.0780
0.0780,0.0786,0.0792
0.0805,0.0830,0.0880
0.0957,0.1055,0.1146
0.1188,0.1266,0.1267
0.1267,0.1267,0.1267
0.1268,0.1269,0.1270
0.1272,0.1277,0.1287
0.1304,0.1304,0.1320
0.1320,0.1329,0.1329
0.1331,0.1331,0.1332
0.1332,0.1333,0.1334
0.1334,0.1336,0.1336
0.1337,0.1339,0.1342
0.1349,0.1361,0.1372
0.1409,0.1458,0.1458
0.1458,0.1458,0.1458
0.1459,0.1460,0.1462
0.1467,0.1476,0.1495
0.1532,0.1549,0.1561
0.1561,0.1633,0.1711
0.1739,0.1811,0.1811
0.1906,0.1974,0.1975
0.1975,0.1976,0.1976
0.1977,0.1978,0.1979
0.1983,0.1990,0.2004
0.2011,0.2011,0.2024
0.2024,0.2035,0.2035
0.2046,0.2057,0.2067
0.2067,0.2100,0.2111
0.2111,0.2144,0.2144
0.2177,0.2209,0.2245
0.2326,0.2326,0.2337
0.2337,0.2337,0.2337
0.2337,0.2337,0.2337
0.2337,0.2337,0.2337
0.2337,0.2337,0.2337
0.2337,0.2337,0.2337
0.2337,0.2337,0.2337
0.2337,0.2337,0.2337
0.2337,0.2337,0.2337
0.2337,0.2337,0.2337
0.2337,0.2337,0.2337
0.2337,0.2337,0.2337
0.2337,0.2337,0.2338
0.2339,0.2341,0.2345
0.2354,0.2361,0.2361
0.2384,0.2408,0.2456
0.2518,0.2523,0.2523
0.2523,0.2523,0.2523
0.2523,0.2523,0.2523
0.2523,0.2523,0.2523
0.2523,0.2523,0.2523
0.2523,0.2523,0.2523
0.2523,0.2523,0.2523
0.2523,0.2523,0.2523
0.2523,0.2523,0.2523
0.2523,0.2523,0.2523
0.2523,0.2523,0.2523
0.2523,0.2523,0.2523
0.2523,0.2523,0.2523
0.2524,0.2525,0.2528
0.2534,0.2545,0.2566
0.2610,0.2614,0.2614
0.2614,0.2614,0.2614
0.2614,0.2614,0.2614
0.2614,0.2614,0.2614
0.2614,0.2614,0.2614
0.2614,0.2614,0.2614
0.2614,0.2614,0.2614
0.2614,0.2614,0.2614
0.2614,0.2614,0.2614
0.2614,0.2614,0.2614
0.2614,0.2614,0.2614
0.2614,0.2614,0.2614
0.2614,0.2614,0.2614
0.2615,0.2616,0.2619
0.2624,0.2635,0.2656
0.2699,0.2720,0.2720
0.2720,0.2720,0.2720
0.2720,0.2720,0.2720
0.2720,0.2720,0.2720
0.2720,0.2720,0.2720
0.2720,0.2720,0.2720
0.2720,0.2720,0.2720
0.2720,0.2720,0.2720
0.2720,0.2720,0.2720
0.2720,0.2720,0.2720
0.2720,0.2720,0.2720
0.2720,0.2720,0.2720
0.2720,0.2720,0.2721
0.2721,0.2723,0.2725
0.2731,0.2741,0.2763
0.2791,0.2862,0.2863
0.2863,0.2863,0.2863
0.2863,0.2863,0.2863
0.2863,0.2863,0.2863
0.2863,0.2863,0.2863
0.2863,0.2863,0.2863
0.2863,0.2863,0.2863
0.2863,0.2863,0.2863
0.2863,0.2863,0.2863
0.2863,0.2863,0.2863
0.2863,0.2863,0.2863
0.2863,0.2863,0.2863
0.2863,0.2863,0.2863
0.2864,0.2864,0.2864
0.2864,0.2864,0.2864
0.2865,0.2867,0.2870
0.2876,0.2889,0.2914
0.2964,0.2977,0.2977
0.2977,0.2977,0.2977
0.2977,0.2977,0.2977
0.2977,0.2977,0.2977
0.2977,0.2977,0.2977
0.2977,0.2977,0.2977
0.2977,0.2977,0.2977
0.2977,0.2977,0.2977
0.2977,0.2977,0.2977
0.2977,0.2977,0.2977
0.2977,0.2977,0.2977
0.2977,0.2977,0.2977
0.2977,0.2977,0.2978
0.2979,0.2981,0.2985
0.2989,0.2989,0.2994
0.2994,0.2999,0.3005
0.3015,0.3036,0.3064
0.3133,0.3135,0.3135
0.3135,0.3138,0.3138
0.3138,0.3138,0.3138
0.3138,0.3138,0.3138
0.3138,0.3138,0.3138
0.3138,0.3138,0.3138
0.3138,0.3138,0.3138
0.3138,0.3138,0.3138
0.3138,0.3138,0.3138
0.3138,0.3138,0.3138
0.3138,0.3138,0.3138
0.3138,0.3138,0.3138
0.3138,0.3138,0.3138
0.3138,0.3138,0.3139
0.3139,0.3140,0.3140
0.3140,0.3143,0.3145
0.3150,0.3159,0.3178
0.3215,0.3277,0.3277
0.3277,0.3281,0.3281
0.3281,0.3281,0.3281
0.3281,0.3281,0.3281
0.3281,0.3281,0.3281
0.3281,0.3281,0.3281
0.3281,0.3281,0.3281
0.3281,0.3281,0.3281
0.3281,0.3281,0.3281
0.3281,0.3281,0.3281
0.3281,0.3281,0.3281
0.3281,0.3281,0.3281
0.3282,0.3282,0.3283
0.3285,0.3288,0.3295
0.3310,0.3336,0.3391
0.3402,0.3402,0.3402
0.3402,0.3402,0.3402
0.3402,0.3402,0.3402
0.3402,0.3402,0.3402
0.3402,0.3402,0.3402
0.3402,0.3402,0.3402
0.3402,0.3402,0.3402
0.3402,0.3402,0.3402
0.3402,0.3402,0.3402
0.3402,0.3402,0.3402
0.3402,0.3402,0.3402
0.3402,0.3402,0.3403
0.3403,0.3403,0.3404
0.3405,0.3408,0.3413
0.3424,0.3445,0.3487
0.3490,0.3490,0.3577
0.3608,0.3609,0.3609
0.3616,0.3616,0.3616
0.3616,0.3616,0.3616
0.3616,0.3616,0.3616
0.3616,0.3616,0.3616
0.3616,0.3616,0.3616
0.3616,0.3616,0.3616
0.3616,0.3616,0.3616
0.3616,0.3616,0.3616
0.3616,0.3616,0.3616
0.3616,0.3616,0.3616
0.3616,0.3616,0.3616
0.3616,0.3616,0.3616
0.3616,0.3616,0.3617
0.3618,0.3621,0.3626
0.3635,0.3655,0.3695
0.3697,0.3697,0.3779
0.3781,0.3781,0.3861
0.3861,0.3880,0.3899
0.3902,0.3902,0.3942
0.3983,0.4038,0.4038
0.4038,0.4038,0.4038
0.4038,0.4038,0.4038
0.4038,0.4038,0.4038
0.4038,0.4038,0.4038
0.4038,0.4038,0.4038
0.4038,0.4038,0.4038
0.4038,0.4038,0.4038
0.4038,0.4038,0.4038
0.4038,0.4038,0.4038
0.4038,0.4038,0.4038
0.4038,0.4038,0.4038
0.4038,0.4038,0.4038
0.4038,0.4038,0.4039
0.4039,0.4041,0.4043
0.4049,0.4059,0.4080
0.4122,0.4152,0.4228
0.4228,0.4228,0.4228
0.4228,0.4228,0.4228
0.4228,0.4228,0.4228
0.4228,0.4228,0.4228
0.4228,0.4228,0.4228
0.4228,0.4228,0.4228
0.4228,0.4228,0.4228
0.4228,0.4228,0.4228
0.4228,0.4228,0.4228
0.4228,0.4228,0.4228
0.4228,0.4228,0.4228
0.4228,0.4228,0.4228
0.4228,0.4228,0.4229
0.4229,0.4229,0.4229
0.4230,0.4232,0.4236
0.4245,0.4261,0.4293
0.4358,0.4404,0.4404
0.4404,0.4404,0.4404
0.4404,0.4404,0.4404
0.4404,0.4404,0.4404
0.4404,0.4404,0.4404
0.4404,0.4404,0.4404
0.4404,0.4404,0.4404
0.4404,0.4404,0.4404
0.4404,0.4404,0.4404
0.4404,0.4404,0.4404
0.4404,0.4404,0.4404
0.4404,0.4404,0.4404
0.4404,0.4404,0.4404
0.4404,0.4405,0.4405
0.4405,0.4406,0.4407
0.4410,0.4415,0.4423
0.4442,0.4479,0.4540
0.4540,0.4540,0.4540
0.4540,0.4540,0.4540
0.4540,0.4540,0.4540
0.4540,0.4540,0.4540
0.4540,0.4540,0.4540
0.4540,0.4540,0.4540
0.4540,0.4540,0.4540
0.4540,0.4540,0.4540
0.4540,0.4540,0.4540
0.4540,0.4540,0.4540
0.4540,0.4540,0.4540
0.4540,0.4540,0.4540
0.4540,0.4540,0.4540
0.4540,0.4541,0.4542
0.4544,0.4549,0.4558
0.4576,0.4613,0.4686
0.4694,0.4709,0.4709
0.4817,0.4919,0.4954
0.5045,0.5129,0.5167
0.5168,0.5168,0.5169
0.5169,0.5169,0.5170
0.5171,0.5173,0.5178
0.5188,0.5207,0.5243
0.5244,0.5244,0.5244
0.5246,0.5246,0.5246
0.5249,0.5251,0.5255
0.5264,0.5282,0.5317
0.5346,0.5347,0.5347
0.5347,0.5347,0.5347
0.5347,0.5347,0.5347
0.5347,0.5347,0.5347
0.5347,0.5347,0.5347
0.5347,0.5347,0.5347
0.5347,0.5347,0.5347
0.5347,0.5347,0.5347
0.5347,0.5347,0.5347
0.5347,0.5347,0.5347
0.5347,0.5347,0.5347
0.5348,0.5349,0.5351
0.5355,0.5363,0.5378
0.5378,0.5409,0.5440
0.5449,0.5449,0.5521
0.5525,0.5603,0.5689
0.5735,0.5833,0.5834
0.5834,0.5835,0.5835
0.5836,0.5837,0.5838
0.5841,0.5848,0.5862
0.5889,0.5944,0.5992
0.5993,0.5993,0.5993
0.5993,0.5993,0.5993
0.5993,0.5993,0.5993
0.5993,0.5993,0.5993
0.5993,0.5993,0.5993
0.5993,0.5993,0.5993
0.5993,0.5993,0.5993
0.5993,0.5993,0.5993
0.5993,0.5993,0.5993
0.5993,0.5994,0.5995
0.5996,0.6000,0.6007
0.6022,0.6051,0.6110
0.6181,0.6181,0.6181
0.6181,0.6181,0.6181
0.6181,0.6181,0.6181
0.6181,0.6181,0.6181
0.6181,0.6181,0.6181
0.6181,0.6181,0.6181
0.6181,0.6181,0.6181
0.6181,0.6181,0.6181
0.6181,0.6181,0.6181
0.6181,0.6181,0.6181
0.6181,0.6181,0.6182
0.6183,0.6185,0.6190
0.6198,0.6216,0.6251
0.6260,0.6338,0.6345
0.6345,0.6452,0.6524
0.6619,0.6707,0.6748
0.6749,0.6749,0.6749
0.6749,0.6750,0.6750
0.6751,0.6754,0.6758
0.6767,0.6784,0.6817
0.6818,0.6818,0.6818
0.6826,0.6826,0.6826
0.6826,0.6826,0.6826
0.6826,0.6826,0.6826
0.6826,0.6826,0.6826
0.6826,0.6826,0.6826
0.6826,0.6826,0.6826
0.6826,0.6826,0.6826
0.6826,0.6826,0.6826
0.6826,0.6826,0.6826
0.6826,0.6826,0.6826
0.6826,0.6826,0.6826
0.6826,0.6826,0.6826
0.6827,0.6827,0.6828
0.6829,0.6832,0.6838
0.6849,0.6871,0.6917
0.6937,0.6938,0.6938
0.6938,0.6938,0.6938
0.6938,0.6938,0.6938
0.6938,0.6938,0.6938
0.6938,0.6938,0.6938
0.6938,0.6938,0.6938
0.6938,0.6938,0.6938
0.6938,0.6938,0.6938
0.6938,0.6938,0.6938
0.6938,0.6938,0.6938
0.6938,0.6938,0.6939
0.6940,0.6942,0.6947
0.6956,0.6975,0.7011
0.7060,0.7060,0.7060
0.7060,0.7060,0.7060
0.7060,0.7060,0.7060
0.7060,0.7060,0.7060
0.7060,0.7060,0.7060
0.7060,0.7060,0.7060
0.7060,0.7060,0.7060
0.7060,0.7060,0.7060
0.7060,0.7060,0.7060
0.7060,0.7060,0.7060
0.7060,0.7060,0.7061
0.7061,0.7062,0.7064
0.7067,0.7074,0.7089
0.7117,0.7123,0.7167
0.7167,0.7167,0.7167
0.7167,0.7167,0.7167
0.7167,0.7167,0.7167
0.7167,0.7167,0.7167
0.7167,0.7167,0.7167
0.7167,0.7167,0.7167
0.7167,0.7167,0.7167
0.7167,0.7167,0.7167
0.7167,0.7167,0.7167
0.7167,0.7167,0.7167
0.7167,0.7167,0.7167
0.7167,0.7167,0.7167
0.7168,0.7168,0.7169
0.7171,0.7175,0.7182
0.7196,0.7225,0.7251
0.7251,0.7252,0.7252
0.7252,0.7252,0.7252
0.7252,0.7252,0.7252
0.7252,0.7252,0.7252
0.7252,0.7252,0.7252
0.7252,0.7252,0.7252
0.7252,0.7252,0.7252
0.7252,0.7252,0.7252
0.7252,0.7252,0.7252
0.7252,0.7252,0.7252
0.7252,0.7252,0.7252
0.7252,0.7252,0.7252
0.7252,0.7252,0.7252
0.7252,0.7252,0.7253
0.7253,0.7254,0.7255
0.7258,0.7263,0.7274
0.7296,0.7309,0.7366
0.7376,0.7376,0.7451
0.7499,0.7584,0.7678
0.7727,0.7832,0.7946
0.8006,0.8007,0.8007
0.8008,0.8008,0.8009
0.8010,0.8012,0.8016
0.8024,0.8040,0.8073
0.8139,0.8141,0.8141
0.8141,0.8141,0.8141
0.8141,0.8141,0.8141
0.8141,0.8141,0.8141
0.8141,0.8141,0.8141
0.8141,0.8141,0.8141
0.8141,0.8141,0.8141
0.8141,0.8141,0.8141
0.8141,0.8141,0.8141
0.8141,0.8141,0.8141
0.8141,0.8141,0.8141
0.8142,0.8142,0.8143
0.8145,0.8150,0.8159
0.8177,0.8212,0.8282
0.8318,0.8326,0.8326
0.8449,0.8566,0.8614
0.8720,0.8721,0.8721
0.8721,0.8721,0.8721
0.8721,0.8721,0.8721
0.8721,0.8721,0.8721
0.8721,0.8721,0.8721
0.8721,0.8721,0.8721
0.8721,0.8721,0.8721
0.8721,0.8721,0.8721
0.8721,0.8721,0.8721
0.8721,0.8721,0.8721
0.8721,0.8721,0.8722
0.8722,0.8722,0.8722
0.8723,0.8724,0.8727
0.8733,0.8738,0.8738
0.8754,0.8770,0.8801
0.8865,0.8869,0.8869
0.8869,0.8870,0.8870
0.8870,0.8870,0.8870
0.8870,0.8870,0.8870
0.8870,0.8870,0.8870
0.8870,0.8870,0.8870
0.8870,0.8870,0.8870
0.8870,0.8870,0.8870
0.8870,0.8870,0.8870
0.8870,0.8870,0.8870
0.8870,0.8870,0.8870
0.8870,0.8870,0.8870
0.8871,0.8872,0.8875
0.8880,0.8891,0.8913
0.8956,0.8962,0.8962
0.8962,0.8962,0.8962
0.8962,0.8962,0.8962
0.8962,0.8962,0.8962
0.8962,0.8962,0.8962
0.8962,0.8962,0.8962
0.8962,0.8962,0.8962
0.8962,0.8962,0.8962
0.8962,0.8962,0.8962
0.8962,0.8962,0.8962
0.8962,0.8962,0.8962
0.8962,0.8962,0.8962
0.8962,0.8963,0.8963
0.8963,0.8965,0.8967
0.8972,0.8981,0.8999
0.9036,0.9042,0.9042
0.9042,0.9042,0.9042
0.9042,0.9042,0.9042
0.9042,0.9042,0.9042
0.9042,0.9042,0.9042
0.9042,0.9042,0.9042
0.9042,0.9042,0.9042
0.9042,0.9042,0.9042
0.9042,0.9042,0.9042
0.9042,0.9042,0.9042
0.9042,0.9042,0.9042
0.9042,0.9042,0.9042
0.9042,0.9042,0.9043
0.9043,0.9044,0.9047
0.9051,0.9060,0.9079
0.9102,0.9162,0.9165
0.9165,0.9165,0.9165
0.9165,0.9165,0.9165
0.9165,0.9165,0.9165
0.9165,0.9165,0.9165
0.9165,0.9165,0.9165
0.9165,0.9165,0.9165
0.9165,0.9165,0.9165
0.9165,0.9165,0.9165
0.9165,0.9165,0.9165
0.9165,0.9165,0.9165
0.9166,0.9166,0.9166
0.9166,0.9167,0.9168
0.9171,0.9177,0.9188
0.9211,0.9257,0.9259
0.9259,0.9259,0.9262
0.9262,0.9262,0.9262
0.9262,0.9262,0.9262
0.9262,0.9262,0.9262
0.9262,0.9262,0.9262
0.9262,0.9262,0.9262
0.9262,0.9262,0.9262
0.9262,0.9262,0.9262
0.9262,0.9262,0.9262
0.9262,0.9262,0.9262
0.9262,0.9262,0.9262
0.9262,0.9262,0.9263
0.9263,0.9265,0.9267
0.9272,0.9282,0.9303
0.9336,0.9342,0.9342
0.9342,0.9342,0.9342
0.9342,0.9342,0.9342
0.9342,0.9342,0.9342
0.9342,0.9342,0.9342
0.9342,0.9342,0.9342
0.9342,0.9342,0.9342
0.9342,0.9342,0.9342
0.9342,0.9342,0.9342
0.9342,0.9342,0.9342
0.9342,0.9342,0.9342
0.9342,0.9342,0.9343
0.9343,0.9343,0.9345
0.9347,0.9351,0.9361
0.9379,0.9415,0.9467
0.9467,0.9467,0.9467
0.9467,0.9467,0.9467
0.9467,0.9467,0.9467
0.9467,0.9467,0.9467
0.9467,0.9467,0.9467
0.9467,0.9467,0.9467
0.9467,0.9467,0.9467
0.9467,0.9467,0.9467
0.9467,0.9467,0.9467
0.9467,0.9467,0.9467
0.9467,0.9467,0.9467
0.9467,0.9468,0.9468
0.9468,0.9470,0.9472
0.9476,0.9486,0.9504
0.9540,0.9571,0.9580
0.9580,0.9580,0.9581
0.9581,0.9581,0.9581
0.9581,0.9581,0.9581
0.9581,0.9581,0.9581
0.9581,0.9581,0.9581
0.9581,0.9581,0.9581
0.9581,0.9581,0.9581
0.9581,0.9581,0.9581
0.9581,0.9581,0.9581
0.9581,0.9581,0.9581
0.9581,0.9581,0.9581
0.9582,0.9584,0.9587
0.9592,0.9604,0.9627
0.9673,0.9678,0.9678
0.9678,0.9678,0.9678
0.9678,0.9678,0.9678
0.9678,0.9678,0.9678
0.9678,0.9678,0.9678
0.9678,0.9678,0.9678
0.9678,0.9678,0.9678
0.9678,0.9678,0.9678
0.9678,0.9678,0.9678
0.9678,0.9678,0.9678
0.9678,0.9678,0.9678
0.9678,0.9678,0.9678
0.9678,0.9678,0.9679
0.9680,0.9682,0.9687
0.9696,0.9714,0.9751
0.9804,0.9805,0.9805
0.9805,0.9805,0.9805
0.9805,0.9805,0.9805
0.9805,0.9805,0.9805
0.9805,0.9805,0.9805
0.9805,0.9805,0.9805
0.9805,0.9805,0.9805
0.9805,0.9805,0.9805
0.9805,0.9805,0.9805
0.9805,0.9805,0.9805
0.9805,0.9806,0.9807
0.9809,0.9812,0.9819
0.9834,0.9863,0.9920
0.9921,0.9921,0.9921
0.9921,0.9921,0.9921
0.9921,0.9921,0.9921
0.9921,0.9921,0.9921
0.9921,0.9921,0.9921
0.9921,0.9921,0.9921
0.9921,0.9921,0.9921
0.9921,0.9921,0.9921
0.9921,0.9921,0.9921
0.9921,0.9922,0.9922
0.9922,0.9922,0.9922
0.9923,0.9925,0.9929
0.9937,0.9952,0.9983
1.0038,1.0039,1.0039
1.0039,1.0039,1.0039
1.0039,1.0039,1.0039
1.0039,1.0039,1.0039
1.0039,1.0039,1.0039
1.0039,1.0039,1.0039
1.0039,1.0039,1.0039
1.0039,1.0039,1.0039
1.0039,1.0039,1.0039
1.0039,1.0039,1.0039
1.0039,1.0039,1.0039
1.0040,1.0041,1.0043
1.0047,1.0055,1.0071
1.0103,1.0154,1.0154
1.0154,1.0154,1.0154
1.0154,1.0154,1.0154
1.0154,1.0154,1.0154
1.0154,1.0154,1.0154
1.0154,1.0154,1.0154
1.0154,1.0154,1.0154
1.0154,1.0154,1.0154
1.0154,1.0154,1.0154
1.0154,1.0154,1.0154
1.0154,1.0154,1.0154
1.0154,1.0154,1.0155
1.0155,1.0155,1.0157
1.0159,1.0163,1.0172
1.0191,1.0227,1.0271
1.0273,1.0273,1.0273
1.0273,1.0273,1.0273
1.0273,1.0273,1.0273
1.0273,1.0273,1.0273
1.0273,1.0273,1.0273
1.0273,1.0273,1.0273
1.0273,1.0273,1.0273
1.0273,1.0273,1.0273
1.0273,1.0273,1.0273
1.0273,1.0273,1.0273
1.0273,1.0273,1.0273
1.0274,1.0275,1.0276
1.0280,1.0288,1.0303
1.0332,1.0392,1.0393
1.0393,1.0393,1.0393
1.0393,1.0393,1.0393
1.0393,1.0393,1.0393
1.0393,1.0393,1.0393
1.0393,1.0393,1.0393
1.0393,1.0393,1.0393
1.0393,1.0393,1.0393
1.0393,1.0393,1.0393
1.0393,1.0393,1.0393
1.0393,1.0393,1.0393
1.0394,1.0395,1.0397
1.0402,1.0412,1.0431
1.0468,1.0504,1.0507
1.0507,1.0507,1.0507
1.0507,1.0507,1.0507
1.0507,1.0507,1.0507
1.0507,1.0507,1.0507
1.0507,1.0507,1.0507
1.0507,1.0507,1.0507
1.0507,1.0507,1.0507
1.0507,1.0507,1.0507
1.0507,1.0507,1.0507
1.0507,1.0507,1.0507
1.0507,1.0507,1.0507
1.0508,1.0509,1.0511
1.0515,1.0523,1.0539
1.0571,1.0621,1.0621
1.0621,1.0622,1.0622
1.0622,1.0623,1.0624
1.0626,1.0630,1.0638
1.0654,1.0686,1.0736
1.0738,1.0738,1.0738
1.0738,1.0738,1.0738
1.0738,1.0738,1.0738
1.0738,1.0738,1.0738
1.0738,1.0738,1.0738
1.0738,1.0738,1.0738
1.0738,1.0738,1.0738
1.0738,1.0738,1.0738
1.0738,1.0738,1.0738
1.0738,1.0738,1.0738
1.0738,1.0738,1.0738
1.0739,1.0740,1.0743
1.0748,1.0759,1.0781
1.0824,1.0827,1.0827
1.0827,1.0827,1.0827
1.0827,1.0827,1.0827
1.0827,1.0827,1.0827
1.0827,1.0827,1.0827
1.0827,1.0827,1.0827
1.0827,1.0827,1.0827
1.0827,1.0827,1.0827
1.0827,1.0827,1.0827
1.0827,1.0827,1.0827
1.0827,1.0827,1.0827
1.0827,1.0828,1.0828
1.0829,1.0831,1.0834
1.0842,1.0856,1.0885
1.0943,1.0969,1.0970
1.0970,1.0970,1.0970
1.0970,1.0970,1.0970
1.0970,1.0970,1.0970
1.0970,1.0970,1.0970
1.0970,1.0970,1.0970
1.0970,1.0970,1.0970
1.0970,1.0970,1.0970
1.0970,1.0970,1.0970
1.0970,1.0970,1.0970
1.0970,1.0970,1.0970
1.0970,1.0970,1.0971
1.0972,1.0975,1.0979
1.0989,1.1007,1.1045
1.1051,1.1051,1.1051
1.1051,1.1051,1.1051
1.1051,1.1051,1.1051
1.1051,1.1051,1.1051
1.1051,1.1051,1.1051
1.1051,1.1051,1.1051
1.1051,1.1051,1.1051
1.1051,1.1051,1.1051
1.1051,1.1051,1.1051
1.1051,1.1051,1.1051
1.1051,1.1051,1.1051
1.1051,1.1051,1.1051
1.1052,1.1053,1.1055
1.1060,1.1069,1.1087
1.1123,1.1130,1.1130
1.1130,1.1130,1.1130
1.1130,1.1130,1.1130
1.1130,1.1130,1.1130
1.1130,1.1130,1.1130
1.1130,1.1130,1.1130
1.1130,1.1130,1.1130
1.1130,1.1130,1.1130
1.1130,1.1130,1.1130
1.1130,1.1130,1.1130
1.1130,1.1130,1.1130
1.1130,1.1130,1.1130
1.1131,1.1131,1.1132
1.1135,1.1139,1.1148
1.1166,1.1200,1.1210
1.1210,1.1210,1.1210
1.1210,1.1210,1.1210
1.1210,1.1210,1.1210
1.1210,1.1210,1.1210
1.1210,1.1210,1.1210
1.1210,1.1210,1.1210
1.1210,1.1210,1.1210
1.1210,1.1210,1.1210
1.1210,1.1210,1.1210
1.1210,1.1210,1.1210
1.1210,1.1210,1.1210
1.1210,1.1211,1.1211
1.1212,1.1214,1.1219
1.1228,1.1246,1.1282
1.1290,1.1290,1.1290
1.1292,1.1292,1.1292
1.1292,1.1292,1.1292
1.1292,1.1292,1.1292
1.1292,1.1292,1.1292
1.1292,1.1292,1.1292
1.1292,1.1292,1.1292
1.1292,1.1292,1.1292
1.1292,1.1292,1.1292
1.1292,1.1292,1.1292
1.1292,1.1292,1.1292
1.1292,1.1292,1.1293
1.1294,1.1296,1.1299
1.1307,1.1322,1.1352
1.1412,1.1431,1.1433
1.1433,1.1433,1.1435
1.1435,1.1435,1.1435
1.1435,1.1435,1.1435
1.1435,1.1435,1.1435
1.1435,1.1435,1.1435
1.1435,1.1435,1.1435
1.1435,1.1435,1.1435
1.1435,1.1435,1.1435
1.1435,1.1435,1.1435
1.1435,1.1435,1.1435
1.1435,1.1435,1.1435
1.1435,1.1436,1.1437
1.1440,1.1445,1.1455
1.1476,1.1518,1.1522
1.1522,1.1522,1.1522
1.1522,1.1522,1.1522
1.1522,1.1522,1.1522
1.1522,1.1522,1.1522
1.1522,1.1522,1.1522
1.1522,1.1522,1.1522
1.1522,1.1522,1.1522
1.1522,1.1522,1.1522
1.1522,1.1522,1.1522
1.1522,1.1522,1.1522
1.1522,1.1522,1.1522
1.1522,1.1523,1.1524
1.1526,1.1531,1.1540
1.1558,1.1594,1.1603
1.1603,1.1603,1.1606
1.1606,1.1606,1.1609
1.1612,1.1618,1.1630
1.1654,1.1662,1.1718
1.1720,1.1720,1.1720
1.1720,1.1720,1.1720
1.1720,1.1720,1.1720
1.1720,1.1720,1.1720
1.1720,1.1720,1.1720
1.1720,1.1720,1.1720
1.1720,1.1720,1.1720
1.1720,1.1720,1.1720
1.1720,1.1720,1.1720
1.1720,1.1720,1.1720
1.1720,1.1720,1.1720
1.1721,1.1722,1.1725
1.1730,1.1740,1.1760
1.1800,1.1804,1.1804
1.1804,1.1806,1.1806
1.1806,1.1807,1.1808
1.1811,1.1816,1.1826
1.1846,1.1885,1.1893
1.1897,1.1897,1.1897
1.1899,1.1899,1.1899
1.1899,1.1899,1.1899
1.1899,1.1899,1.1899
1.1899,1.1899,1.1899
1.1899,1.1899,1.1899
1.1899,1.1899,1.1899
1.1899,1.1899,1.1899
1.1899,1.1899,1.1899
1.1899,1.1899,1.1899
1.1899,1.1899,1.1899
1.1899,1.1899,1.1899
1.1899,1.1899,1.1899
1.1899,1.1900,1.1901
1.1904,1.1909,1.1919
1.1940,1.1982,1.1985
1.1985,1.1985,1.1985
1.1985,1.1985,1.1985
1.1985,1.1985,1.1985
1.1985,1.1985,1.1985
1.1985,1.1985,1.1985
1.1985,1.1985,1.1985
1.1985,1.1985,1.1985
1.1985,1.1985,1.1985
1.1985,1.1985,1.1985
1.1985,1.1985,1.1985
1.1985,1.1985,1.1986
1.1986,1.1986,1.1987
1.1989,1.1992,1.1999
1.2012,1.2039,1.2093
1.2122,1.2123,1.2123
1.2123,1.2123,1.2123
1.2123,1.2123,1.2123
1.2123,1.2123,1.2123
1.2123,1.2123,1.2123
1.2123,1.2123,1.2123
1.2123,1.2123,1.2123
1.2123,1.2123,1.2123
1.2123,1.2123,1.2123
1.2123,1.2123,1.2123
1.2124,1.2124,1.2124
1.2124,1.2125,1.2126
1.2129,1.2135,1.2147
1.2171,1.2219,1.2221
1.2221,1.2221,1.2221
1.2221,1.2221,1.2221
1.2221,1.2221,1.2221
1.2221,1.2221,1.2221
1.2221,1.2221,1.2221
1.2221,1.2221,1.2221
1.2221,1.2221,1.2221
1.2221,1.2221,1.2221
1.2221,1.2221,1.2221
1.2221,1.2221,1.2221
1.2221,1.2221,1.2221
1.2221,1.2221,1.2221
1.2222,1.2223,1.2225
1.2230,1.2239,1.2257
1.2292,1.2340,1.2340
1.2340,1.2340,1.2340
1.2340,1.2340,1.2340
1.2340,1.2340,1.2340
1.2340,1.2340,1.2340
1.2340,1.2340,1.2340
1.2340,1.2340,1.2340
1.2340,1.2340,1.2340
1.2340,1.2340,1.2340
1.2340,1.2340,1.2340
1.2340,1.2340,1.2340
1.2340,1.2340,1.2340
1.2340,1.2340,1.2341
1.2342,1.2344,1.2349
1.2352,1.2364,1.2388
1.2437,1.2439,1.2439
1.2439,1.2440,1.2440
1.2440,1.2441,1.2442
1.2444,1.2447,1.2454
1.2467,1.2494,1.2549
1.2581,1.2582,1.2582
1.2582,1.2582,1.2582
1.2582,1.2582,1.2582
1.2582,1.2582,1.2582
1.2582,1.2582,1.2582
1.2582,1.2582,1.2582
1.2582,1.2582,1.2582
1.2582,1.2582,1.2582
1.2582,1.2582,1.2582
1.2582,1.2582,1.2582
1.2582,1.2582,1.2582
1.2583,1.2583,1.2585
1.2589,1.2597,1.2613
1.2644,1.2694,1.2694
1.2694,1.2695,1.2695
1.2695,1.2695,1.2695
1.2695,1.2695,1.2695
1.2695,1.2695,1.2695
1.2695,1.2695,1.2695
1.2695,1.2695,1.2695
1.2695,1.2695,1.2695
1.2695,1.2695,1.2695
1.2695,1.2695,1.2695
1.2695,1.2695,1.2695
1.2695,1.2696,1.2696
1.2697,1.2699,1.2703
1.2711,1.2726,1.2756
1.2809,1.2810,1.2810
1.2810,1.2810,1.2810
1.2810,1.2810,1.2810
1.2810,1.2810,1.2810
1.2810,1.2810,1.2810
1.2810,1.2810,1.2810
1.2810,1.2810,1.2810
1.2810,1.2810,1.2810
1.2810,1.2810,1.2810
1.2810,1.2810,1.2810
1.2810,1.2810,1.2811
1.2811,1.2812,1.2813
1.2816,1.2822,1.2833
1.2855,1.2900,1.2902
1.2902,1.2902,1.2904
1.2904,1.2904,1.2905
1.2906,1.2909,1.2914
1.2924,1.2945,1.2986
1.3037,1.3037,1.3037
1.3037,1.3039,1.3039
1.3039,1.3039,1.3039
1.3039,1.3039,1.3039
1.3039,1.3039,1.3039
1.3039,1.3039,1.3039
1.3039,1.3039,1.3039
1.3039,1.3039,1.3039
1.3039,1.3039,1.3039
1.3039,1.3039,1.3039
1.3039,1.3039,1.3039
1.3039,1.3039,1.3039
1.3040,1.3040,1.3042
1.3045,1.3051,1.3063
1.3086,1.3134,1.3135
1.3135,1.3135,1.3135
1.3135,1.3135,1.3135
1.3135,1.3135,1.3135
1.3135,1.3135,1.3135
1.3135,1.3135,1.3135
1.3135,1.3135,1.3135
1.3135,1.3135,1.3135
1.3135,1.3135,1.3135
1.3135,1.3135,1.3135
1.3136,1.3136,1.3136
1.3136,1.3136,1.3136
1.3136,1.3137,1.3139
1.3143,1.3151,1.3167
1.3198,1.3248,1.3248
1.3248,1.3264,1.3281
1.3315,1.3331,1.3331
1.3331,1.3332,1.3332
1.3332,1.3332,1.3332
1.3332,1.3332,1.3332
1.3332,1.3332,1.3332
1.3332,1.3332,1.3332
1.3332,1.3332,1.3332
1.3332,1.3332,1.3332
1.3332,1.3332,1.3332
1.3332,1.3332,1.3332
1.3332,1.3332,1.3332
1.3332,1.3332,1.3333
1.3333,1.3335,1.3337
1.3343,1.3354,1.3375
1.3418,1.3425,1.3425
1.3425,1.3425,1.3425
1.3425,1.3425,1.3425
1.3425,1.3425,1.3425
1.3425,1.3425,1.3425
1.3425,1.3425,1.3425
1.3425,1.3425,1.3425
1.3425,1.3425,1.3425
1.3425,1.3425,1.3425
1.3425,1.3425,1.3425
1.3425,1.3425,1.3425
1.3425,1.3425,1.3425
1.3425,1.3426,1.3426
1.3427,1.3430,1.3434
1.3443,1.3461,1.3491
1.3544,1.3544,1.3544
1.3545,1.3545,1.3545
1.3545,1.3545,1.3545
1.3545,1.3545,1.3545
1.3545,1.3545,1.3545
1.3545,1.3545,1.3545
1.3545,1.3545,1.3545
1.3545,1.3545,1.3545
1.3545,1.3545,1.3545
1.3545,1.3545,1.3545
1.3545,1.3545,1.3545
1.3546,1.3546,1.3548
1.3550,1.3556,1.3566
1.3587,1.3628,1.3633
1.3633,1.3633,1.3633
1.3633,1.3633,1.3633
1.3633,1.3633,1.3633
1.3633,1.3633,1.3633
1.3633,1.3633,1.3633
1.3633,1.3633,1.3633
1.3633,1.3633,1.3633
1.3633,1.3633,1.3633
1.3633,1.3633,1.3633
1.3633,1.3633,1.3633
1.3633,1.3633,1.3633
1.3633,1.3633,1.3634
1.3635,1.3637,1.3642
1.3650,1.3668,1.3703
1.3718,1.3723,1.3723
1.3723,1.3723,1.3723
1.3723,1.3723,1.3723
1.3723,1.3723,1.3723
1.3723,1.3723,1.3723
1.3723,1.3723,1.3723
1.3723,1.3723,1.3723
1.3723,1.3723,1.3723
1.3723,1.3723,1.3723
1.3723,1.3723,1.3723
1.3723,1.3723,1.3723
1.3723,1.3723,1.3724
1.3724,1.3724,1.3726
1.3728,1.3732,1.3741
1.3759,1.3794,1.3807
1.3807,1.3807,1.3809
1.3809,1.3809,1.3809
1.3809,1.3809,1.3809
1.3809,1.3809,1.3809
1.3809,1.3809,1.3809
1.3809,1.3809,1.3809
1.3809,1.3809,1.3809
1.3809,1.3809,1.3809
1.3809,1.3809,1.3809
1.3809,1.3809,1.3809
1.3809,1.3809,1.3809
1.3810,1.3811,1.3813
1.3818,1.3828,1.3847
1.3885,1.3930,1.3930
1.3930,1.3943,1.3957
1.3984,1.4039,1.4040
1.4040,1.4040,1.4040
1.4040,1.4040,1.4040
1.4040,1.4040,1.4040
1.4040,1.4040,1.4040
1.4040,1.4040,1.4040
1.4040,1.4040,1.4040
1.4040,1.4040,1.4040
1.4040,1.4040,1.4040
1.4040,1.4040,1.4040
1.4040,1.4040,1.4040
1.4040,1.4041,1.4041
1.4042,1.4044,1.4048
1.4057,1.4073,1.4106
1.4113,1.4113,1.4168
1.4170,1.4170,1.4175
1.4175,1.4175,1.4179
1.4184,1.4193,1.4211
1.4247,1.4251,1.4251
1.4251,1.4251,1.4251
1.4251,1.4251,1.4251
1.4251,1.4251,1.4251
1.4251,1.4251,1.4251
1.4251,1.4251,1.4251
1.4251,1.4251,1.4251
1.4251,1.4251,1.4251
1.4251,1.4251,1.4251
1.4251,1.4251,1.4251
1.4251,1.4251,1.4251
1.4251,1.4251,1.4251
1.4251,1.4251,1.4252
1.4253,1.4255,1.4259
1.4268,1.4286,1.4321
1.4335,1.4335,1.4335
1.4338,1.4338,1.4338
1.4340,1.4342,1.4347
1.4356,1.4375,1.4393
1.4448,1.4452,1.4452
1.4452,1.4453,1.4453
1.4453,1.4454,1.4454
1.4456,1.4459,1.4465
1.4477,1.4501,1.4550
1.4557,1.4557,1.4557
1.4559,1.4559,1.4559
1.4559,1.4559,1.4559
1.4559,1.4559,1.4559
1.4559,1.4559,1.4559
1.4559,1.4559,1.4559
1.4559,1.4559,1.4559
1.4559,1.4559,1.4559
1.4559,1.4559,1.4559
1.4559,1.4559,1.4559
1.4559,1.4559,1.4559
1.4560,1.4560,1.4561
1.4562,1.4565,1.4571
1.4583,1.4607,1.4617
1.4675,1.4677,1.4677
1.4677,1.4677,1.4677
1.4677,1.4677,1.4677
1.4677,1.4677,1.4677
1.4677,1.4677,1.4677
1.4677,1.4677,1.4677
1.4677,1.4677,1.4677
1.4677,1.4677,1.4677
1.4677,1.4677,1.4677
1.4677,1.4677,1.4677
1.4677,1.4677,1.4677
1.4677,1.4678,1.4678
1.4680,1.4682,1.4688
1.4699,1.4721,1.4765
1.4767,1.4767,1.4767
1.4767,1.4767,1.4767
1.4767,1.4767,1.4767
1.4767,1.4767,1.4767
1.4767,1.4767,1.4767
1.4767,1.4767,1.4767
1.4767,1.4767,1.4767
1.4767,1.4767,1.4767
1.4767,1.4767,1.4767
1.4767,1.4767,1.4767
1.4767,1.4767,1.4767
1.4768,1.4769,1.4770
1.4773,1.4780,1.4792
1.4817,1.4841,1.4914
1.4915,1.4915,1.4915
1.4915,1.4915,1.4915
1.4915,1.4915,1.4915
1.4915,1.4915,1.4915
1.4915,1.4915,1.4915
1.4915,1.4915,1.4915
1.4915,1.4915,1.4915
1.4915,1.4915,1.4915
1.4915,1.4915,1.4915
1.4915,1.4915,1.4915
1.4915,1.4915,1.4916
1.4917,1.4918,1.4922
1.4928,1.4941,1.4968
1.5021,1.5026,1.5026
1.5064,1.5101,1.5102
1.5102,1.5105,1.5105
1.5105,1.5105,1.5105
1.5105,1.5105,1.5105
1.5105,1.5105,1.5105
1.5105,1.5105,1.5105
1.5105,1.5105,1.5105
1.5105,1.5105,1.5105
1.5105,1.5105,1.5105
1.5105,1.5105,1.5105
1.5105,1.5105,1.5105
1.5105,1.5105,1.5105
1.5105,1.5105,1.5106
1.5107,1.5109,1.5113
1.5122,1.5139,1.5173
1.5177,1.5177,1.5233
1.5233,1.5286,1.5338
1.5419,1.5486,1.5552
1.5552,1.5552,1.5553
1.5553,1.5553,1.5554
1.5555,1.5556,1.5560
1.5567,1.5582,1.5609
1.5639,1.5640,1.5640
1.5640,1.5640,1.5640
1.5640,1.5640,1.5640
1.5640,1.5640,1.5640
1.5640,1.5640,1.5640
1.5640,1.5640,1.5640
1.5640,1.5640,1.5640
1.5640,1.5640,1.5640
1.5640,1.5640,1.5640
1.5640,1.5640,1.5640
1.5641,1.5642,1.5644
1.5649,1.5658,1.5677
1.5714,1.5717,1.5717
1.5774,1.5783,1.5847
1.5918,1.5957,1.6040
1.6118,1.6118,1.6181
1.6246,1.6355,1.6455
1.6580,1.6712,1.6782
1.6926,1.7079,1.7159
1.7323,1.7496,1.7586
1.7770,1.7963,1.8062
1.8266,1.8477,1.8586
1.8808,1.8810,1.8810
1.9039,1.9150,1.9347
1.9347,1.9349,1.9349
1.9351,1.9353,1.9356
1.9363,1.9377,1.9405
1.9462,1.9469,1.9469
1.9588,1.9691,1.9912
1.9914,1.9914,2.0141
2.0150,2.0150,2.0160
2.0160,2.0170,2.0181
2.0202,2.0213,2.0213
2.0250,2.0287,2.0308
2.0308,2.0308,2.0308
2.0308,2.0309,2.0309
2.0310,2.0312,2.0316
2.0324,2.0339,2.0343
2.0343,2.0377,2.0412
2.0463,2.0463,2.0498
2.0498,2.0516,2.0516
2.0534,2.0552,2.0574
2.0574,2.0620,2.0620
2.0666,2.0689,2.0689
2.0719,2.0719,2.0749
2.0778,2.0837,2.0952
2.0967,2.0967,2.1009
2.1009,2.1051,2.1056
2.1056,2.1081,2.1081
2.1106,2.1111,2.1111
2.1141,2.1170,2.1229
2.1253,2.1320,2.1320
2.1483,2.1483,2.1485
2.1485,2.1485,2.1487
2.1489,2.1492,2.1500
2.1515,2.1545,2.1605
2.1633,2.1633,2.1674
2.1688,2.1688,2.1742
2.1750,2.1750,2.1811
2.1834,2.1834,2.1893
2.1893,2.1951,2.2003
2.2003,2.2031,2.2031
2.2052,2.2072,2.2112
2.2191,2.2258,2.2258
2.2263,2.2263,2.2263
2.2268,2.2273,2.2283
2.2303,2.2342,2.2363
2.2363,2.2393,2.2423
2.2479,2.2479,2.2591
2.2593,2.2593,2.2593
2.2593,2.2593,2.2593
2.2593,2.2593,2.2593
2.2593,2.2593,2.2593
2.2593,2.2593,2.2593
2.2593,2.2593,2.2593
2.2593,2.2593,2.2593
2.2593,2.2593,2.2593
2.2593,2.2593,2.2593
2.2593,2.2593,2.2593
2.2593,2.2594,2.2595
2.2597,2.2602,2.2611
2.2628,2.2664,2.2705
2.2721,2.2721,2.2838
2.2948,2.2987,2.3085
2.3176,2.3218,2.3219
2.3219,2.3219,2.3219
2.3220,2.3220,2.3221
2.3223,2.3226,2.3227
2.3227,2.3235,2.3242
2.3257,2.3286,2.3324
2.3324,2.3324,2.3324
2.3324,2.3324,2.3324
2.3324,2.3324,2.3324
2.3324,2.3324,2.3324
2.3324,2.3324,2.3324
2.3324,2.3324,2.3324
2.3324,2.3324,2.3324
2.3324,2.3324,2.3324
2.3324,2.3324,2.3324
2.3325,2.3325,2.3325
2.3325,2.3326,2.3328
2.3331,2.3338,2.3352
2.3380,2.3411,2.3461
2.3461,2.3468,2.3468
2.3468,2.3468,2.3468
2.3468,2.3468,2.3468
2.3468,2.3468,2.3468
2.3468,2.3468,2.3468
2.3468,2.3468,2.3468
2.3468,2.3468,2.3468
2.3468,2.3468,2.3468
2.3468,2.3468,2.3468
2.3468,2.3468,2.3468
2.3468,2.3468,2.3468
2.3468,2.3468,2.3468
2.3468,2.3469,2.3471
2.3474,2.3481,2.3494
2.3521,2.3523,2.3523
2.3579,2.3598,2.3598
2.3598,2.3601,2.3601
2.3601,2.3601,2.3601
2.3601,2.3601,2.3601
2.3601,2.3601,2.3601
2.3601,2.3601,2.3601
2.3601,2.3601,2.3601
2.3601,2.3601,2.3601
2.3601,2.3601,2.3601
2.3601,2.3601,2.3601
2.3601,2.3601,2.3601
2.3601,2.3601,2.3601
2.3601,2.3602,2.3603
2.3604,2.3607,2.3613
2.3625,2.3649,2.3697
2.3698,2.3698,2.3698
2.3698,2.3698,2.3698
2.3698,2.3698,2.3698
2.3698,2.3698,2.3698
2.3698,2.3698,2.3698
2.3698,2.3698,2.3698
2.3698,2.3698,2.3698
2.3698,2.3698,2.3698
2.3698,2.3698,2.3698
2.3698,2.3699,2.3699
2.3701,2.3703,2.3708
2.3718,2.3738,2.3777
2.3783,2.3792,2.3792
2.3792,2.3792,2.3792
2.3792,2.3792,2.3792
2.3792,2.3792,2.3792
2.3792,2.3792,2.3792
2.3792,2.3792,2.3792
2.3792,2.3792,2.3792
2.3792,2.3792,2.3792
2.3792,2.3792,2.3792
2.3792,2.3792,2.3792
2.3792,2.3792,2.3792
2.3792,2.3792,2.3792
2.3793,2.3793,2.3794
2.3796,2.3799,2.3807
2.3821,2.3850,2.3852
2.3852,2.3911,2.3913
2.3913,2.3917,2.3917
2.3917,2.3917,2.3917
2.3917,2.3917,2.3917
2.3917,2.3917,2.3917
2.3917,2.3917,2.3917
2.3917,2.3917,2.3917
2.3917,2.3917,2.3917
2.3917,2.3917,2.3917
2.3917,2.3917,2.3917
2.3917,2.3917,2.3917
2.3917,2.3917,2.3917
2.3917,2.3917,2.3918
2.3918,2.3919,2.3921
2.3925,2.3934,2.3950
2.3968,2.4018,2.4019
2.4019,2.4019,2.4019
2.4019,2.4019,2.4019
2.4019,2.4019,2.4019
2.4019,2.4019,2.4019
2.4019,2.4019,2.4019
2.4019,2.4019,2.4019
2.4019,2.4019,2.4019
2.4019,2.4019,2.4019
2.4019,2.4019,2.4019
2.4019,2.4019,2.4019
2.4019,2.4019,2.4019
2.4019,2.4020,2.4021
2.4023,2.4026,2.4033
2.4048,2.4076,2.4117
2.4117,2.4151,2.4185
2.4186,2.4186,2.4189
2.4189,2.4189,2.4189
2.4189,2.4189,2.4189
2.4189,2.4189,2.4189
2.4189,2.4189,2.4189
2.4189,2.4189,2.4189
2.4189,2.4189,2.4189
2.4189,2.4189,2.4189
2.4189,2.4189,2.4189
2.4189,2.4189,2.4189
2.4189,2.4189,2.4189
2.4189,2.4189,2.4189
2.4190,2.4191,2.4194
2.4200,2.4211,2.4233
2.4276,2.4278,2.4278
2.4334,2.4335,2.4335
2.4339,2.4339,2.4339
2.4339,2.4339,2.4339
2.4339,2.4339,2.4339
2.4339,2.4339,2.4339
2.4339,2.4339,2.4339
2.4339,2.4339,2.4339
2.4339,2.4339,2.4339
2.4339,2.4339,2.4339
2.4339,2.4339,2.4339
2.4339,2.4339,2.4339
2.4339,2.4339,2.4339
2.4339,2.4340,2.4341
2.4342,2.4346,2.4354
2.4369,2.4398,2.4400
2.4400,2.4400,2.4400
2.4400,2.4400,2.4400
2.4400,2.4400,2.4400
2.4400,2.4400,2.4400
2.4400,2.4400,2.4400
2.4400,2.4400,2.4400
2.4400,2.4400,2.4400
2.4400,2.4400,2.4400
2.4400,2.4400,2.4400
2.4400,2.4400,2.4400
2.4400,2.4401,2.4401
2.4403,2.4405,2.4410
2.4417,2.4417,2.4433
2.4450,2.4483,2.4516
2.4523,2.4523,2.4523
2.4523,2.4523,2.4523
2.4523,2.4523,2.4523
2.4523,2.4523,2.4523
2.4523,2.4523,2.4523
2.4523,2.4523,2.4523
2.4523,2.4523,2.4523
2.4523,2.4523,2.4523
2.4523,2.4523,2.4523
2.4523,2.4523,2.4523
2.4523,2.4523,2.4523
2.4523,2.4523,2.4524
2.4524,2.4526,2.4530
2.4537,2.4551,2.4579
2.4581,2.4581,2.4640
2.4641,2.4641,2.4645
2.4645,2.4645,2.4648
2.4652,2.4660,2.4675
2.4697,2.4749,2.4750
2.4750,2.4750,2.4751
2.4751,2.4751,2.4751
2.4751,2.4751,2.4751
2.4751,2.4751,2.4751
2.4751,2.4751,2.4751
2.4751,2.4751,2.4751
2.4751,2.4751,2.4751
2.4751,2.4751,2.4751
2.4751,2.4751,2.4751
2.4751,2.4752,2.4752
2.4752,2.4752,2.4752
2.4752,2.4752,2.4752
2.4753,2.4755,2.4759
2.4766,2.4781,2.4810
2.4812,2.4812,2.4812
2.4812,2.4812,2.4812
2.4812,2.4812,2.4812
2.4812,2.4812,2.4812
2.4812,2.4812,2.4812
2.4812,2.4812,2.4812
2.4812,2.4812,2.4812
2.4812,2.4812,2.4812
2.4812,2.4812,2.4812
2.4812,2.4812,2.4812
2.4812,2.4812,2.4812
2.4812,2.4812,2.4812
2.4813,2.4814,2.4816
2.4819,2.4826,2.4840
2.4868,2.4877,2.4923
2.4923,2.4923,2.4923
2.4923,2.4923,2.4923
2.4923,2.4923,2.4923
2.4923,2.4923,2.4923
2.4923,2.4923,2.4923
2.4923,2.4923,2.4923
2.4923,2.4923,2.4923
2.4923,2.4923,2.4923
2.4923,2.4923,2.4923
2.4923,2.4923,2.4923
2.4923,2.4923,2.4923
2.4923,2.4924,2.4924
2.4926,2.4930,2.4937
2.4951,2.4979,2.5018
2.5018,2.5056,2.5094
2.5095,2.5095,2.5097
2.5097,2.5097,2.5098
2.5100,2.5104,2.5111
2.5125,2.5154,2.5156
2.5156,2.5203,2.5203
2.5235,0.0100,0.0114
0.0152,0.0178,0.0251
0.0341,0.0397,0.0522
0.0670,0.0754,0.0926
0.1135,0.1236,0.1470
0.1716,0.1843,0.2073
0.2073,0.2075,0.2075
0.2078,0.2078,0.2080
0.2080,0.2083,0.2085
0.2090,0.2097,0.2097
0.2114,0.2130,0.2163
0.2225,0.2355,0.2594
0.2916,0.3276,0.3460
0.3810,0.3813,0.3813
0.3816,0.3816,0.3820
0.3823,0.3830,0.3844
0.3872,0.3929,0.4035
0.4035,0.4129,0.4129
0.4175,0.4175,0.4187
0.4187,0.4194,0.4194
0.4201,0.4205,0.4205
0.4214,0.4214,0.4222
0.4231,0.4248,0.4281
0.4348,0.4406,0.4620
0.4922,0.4922,0.4922
0.4922,0.4925,0.4929
0.4936,0.4950,0.4978
0.5033,0.5141,0.5363
0.5470,0.5544,0.5544
0.6005,0.6462,0.6636
0.7025,0.7025,0.7521
0.7874,0.7878,0.7878
0.7882,0.7882,0.7886
0.7889,0.7897,0.7912
0.7941,0.8000,0.8032
0.8032,0.8087,0.8087
0.8137,0.8137,0.8189
0.8242,0.8292,0.8292
0.8457,0.8517,0.8517
0.8681,0.8681,0.8837
0.8988,0.9153,0.9558
0.9558,0.9613,0.9613
0.9613,0.9613,0.9613
0.9613,0.9613,0.9613
0.9613,0.9613,0.9613
0.9613,0.9613,0.9613
0.9613,0.9613,0.9613
0.9613,0.9613,0.9613
0.9613,0.9613,0.9613
0.9613,0.9613,0.9613
0.9613,0.9613,0.9613
0.9613,0.9613,0.9613
0.9613,0.9614,0.9614
0.9616,0.9619,0.9624
0.9635,0.9658,0.9702
0.9734,0.9734,0.9852
0.9967,1.0197,1.0510
1.0534,1.0534,1.0534
1.0534,1.0534,1.0534
1.0534,1.0534,1.0534
1.0534,1.0534,1.0534
1.0534,1.0534,1.0534
1.0534,1.0534,1.0534
1.0534,1.0534,1.0534
1.0534,1.0534,1.0534
1.0534,1.0534,1.0534
1.0534,1.0534,1.0534
1.0534,1.0534,1.0534
1.0534,1.0535,1.0535
1.0536,1.0538,1.0541
1.0548,1.0562,1.0591
1.0647,1.0759,1.0981
1.0999,1.0999,1.0999
1.0999,1.0999,1.0999
1.0999,1.0999,1.0999
1.0999,1.0999,1.0999
1.0999,1.0999,1.0999
1.0999,1.0999,1.0999
1.0999,1.0999,1.0999
1.0999,1.0999,1.0999
1.0999,1.0999,1.0999
1.0999,1.0999,1.0999
1.0999,1.0999,1.0999
1.0999,1.1000,1.1000
1.1001,1.1003,1.1006
1.1013,1.1026,1.1053
1.1106,1.1214,1.1431
1.1538,1.1538,1.1538
1.1538,1.1538,1.1538
1.1538,1.1538,1.1538
1.1538,1.1538,1.1538
1.1538,1.1538,1.1538
1.1538,1.1538,1.1538
1.1538,1.1538,1.1538
1.1538,1.1538,1.1538
1.1538,1.1538,1.1538
1.1538,1.1538,1.1538
1.1538,1.1538,1.1538
1.1539,1.1539,1.1539
1.1540,1.1542,1.1545
1.1552,1.1566,1.1594
1.1649,1.1761,1.1910
1.2278,1.2284,1.2284
1.2284,1.2284,1.2284
1.2284,1.2284,1.2284
1.2284,1.2284,1.2284
1.2284,1.2284,1.2284
1.2284,1.2284,1.2284
1.2284,1.2284,1.2284
1.2284,1.2284,1.2284
1.2284,1.2284,1.2284
1.2284,1.2284,1.2284
1.2284,1.2284,1.2284
1.2284,1.2284,1.2284
1.2284,1.2284,1.2284
1.2284,1.2284,1.2285
1.2286,1.2288,1.2292
1.2300,1.2317,1.2349
1.2415,1.2547,1.2813
1.2877,1.2877,1.2877
1.2877,1.2877,1.2877
1.2877,1.2877,1.2877
1.2877,1.2877,1.2877
1.2877,1.2877,1.2877
1.2877,1.2877,1.2877
1.2877,1.2877,1.2877
1.2877,1.2877,1.2877
1.2877,1.2877,1.2877
1.2877,1.2877,1.2877
1.2877,1.2877,1.2877
1.2877,1.2878,1.2878
1.2880,1.2882,1.2888
1.2898,1.2919,1.2943
1.2943,1.2971,1.2971
1.2998,1.3025,1.3080
1.3189,1.3338,1.3707
1.3716,1.3716,1.3716
1.3732,1.3732,1.3732
1.3732,1.3732,1.3732
1.3732,1.3732,1.3732
1.3732,1.3732,1.3732
1.3732,1.3732,1.3732
1.3732,1.3732,1.3732
1.3732,1.3732,1.3732
1.3732,1.3732,1.3732
1.3732,1.3732,1.3732
1.3732,1.3732,1.3732
1.3732,1.3732,1.3732
1.3732,1.3732,1.3732
1.3733,1.3734,1.3737
1.3742,1.3744,1.3744
1.3757,1.3769,1.3794
1.3844,1.3944,1.4144
1.4477,1.4477,1.4477
1.4497,1.4497,1.4497
1.4497,1.4497,1.4497
1.4497,1.4497,1.4497
1.4497,1.4497,1.4497
1.4497,1.4497,1.4497
1.4497,1.4497,1.4497
1.4497,1.4497,1.4497
1.4497,1.4497,1.4497
1.4497,1.4497,1.4497
1.4497,1.4497,1.4497
1.4498,1.4498,1.4499
1.4502,1.4507,1.4516
1.4535,1.4574,1.4650
1.4793,1.5091,1.5151
1.5151,1.5151,1.5151
1.5151,1.5151,1.5151
1.5151,1.5151,1.5151
1.5151,1.5151,1.5151
1.5151,1.5151,1.5151
1.5151,1.5151,1.5151
1.5151,1.5151,1.5151
1.5151,1.5151,1.5151
1.5151,1.5151,1.5151
1.5151,1.5151,1.5151
1.5151,1.5151,1.5151
1.5151,1.5152,1.5153
1.5154,1.5158,1.5165
1.5180,1.5208,1.5266
1.5381,1.5611,1.5624
1.5624,1.6098,1.6269
1.6274,1.6274,1.6309
1.6309,1.6309,1.6309
1.6309,1.6309,1.6309
1.6309,1.6309,1.6309
1.6309,1.6309,1.6309
1.6309,1.6309,1.6309
1.6309,1.6309,1.6309
1.6309,1.6309,1.6309
1.6309,1.6309,1.6309
1.6309,1.6309,1.6309
1.6309,1.6309,1.6309
1.6309,1.6309,1.6309
1.6309,1.6310,1.6311
1.6312,1.6316,1.6323
1.6336,1.6363,1.6418
1.6527,1.6744,1.6755
1.6755,1.7202,1.7212
1.7212,1.7655,1.7655
1.7759,1.7862,1.7878
1.7878,1.8102,1.8325
1.8630,1.8630,1.8630
1.8630,1.8630,1.8630
1.8630,1.8630,1.8630
1.8630,1.8630,1.8630
1.8630,1.8630,1.8630
1.8630,1.8630,1.8630
1.8630,1.8630,1.8630
1.8630,1.8630,1.8630
1.8630,1.8630,1.8630
1.8630,1.8630,1.8630
1.8630,1.8630,1.8630
1.8630,1.8630,1.8630
1.8630,1.8630,1.8630
1.8631,1.8633,1.8637
1.8644,1.8658,1.8687
1.8745,1.8861,1.9092
1.9258,1.9683,1.9683
1.9683,1.9683,1.9683
1.9683,1.9683,1.9683
1.9683,1.9683,1.9683
1.9683,1.9683,1.9683
1.9683,1.9683,1.9683
1.9683,1.9683,1.9683
1.9683,1.9683,1.9683
1.9683,1.9683,1.9683
1.9683,1.9683,1.9683
1.9683,1.9683,1.9683
1.9683,1.9683,1.9683
1.9683,1.9683,1.9683
1.9684,1.9684,1.9685
1.9686,1.9689,1.9694
1.9706,1.9728,1.9773
1.9862,2.0042,2.0400
2.0660,2.0660,2.0660
2.0660,2.0660,2.0660
2.0660,2.0660,2.0660
2.0660,2.0660,2.0660
2.0660,2.0660,2.0660
2.0660,2.0660,2.0660
2.0660,2.0660,2.0660
2.0660,2.0660,2.0660
2.0660,2.0660,2.0660
2.0660,2.0660,2.0660
2.0660,2.0660,2.0660
2.0660,2.0660,2.0660
2.0660,2.0661,2.0661
2.0661,2.0662,2.0664
2.0668,2.0675,2.0690
2.0720,2.0764,2.0867
2.1074,2.1414,2.1414
2.1414,2.1414,2.1414
2.1414,2.1414,2.1414
2.1414,2.1414,2.1414
2.1414,2.1414,2.1414
2.1414,2.1414,2.1414
2.1414,2.1414,2.1414
2.1414,2.1414,2.1414
2.1414,2.1414,2.1414
2.1414,2.1414,2.1414
2.1414,2.1414,2.1414
2.1414,2.1414,2.1414
2.1414,2.1414,2.1415
2.1415,2.1416,2.1417
2.1421,2.1427,2.1440
2.1465,2.1516,2.1618
2.1822,2.2230,2.2273
2.2359,2.2359,2.2963
2.3567,2.3783,2.4386
2.4990,2.5292,2.5297
2.5297,2.5301,2.5301
2.5306,2.5311,2.5321
2.5341,2.5380,2.5458
2.5615,2.5927,2.5934
2.5934,2.5934,2.5953
2.5953,2.5953,2.5971
2.5990,2.6028,2.6103
2.6254,2.6555,2.6799
2.6805,2.6805,2.6805
2.6805,2.6805,2.6805
2.6805,2.6805,2.6805
2.6805,2.6805,2.6805
2.6805,2.6805,2.6805
2.6805,2.6805,2.6805
2.6805,2.6805,2.6805
2.6805,2.6805,2.6805
2.6805,2.6805,2.6805
2.6805,2.6805,2.6806
2.6807,2.6809,2.6813
2.6822,2.6839,2.6873
2.6940,2.7067,2.7067
2.7330,2.7592,2.7669
2.7669,2.8270,2.8303
2.8904,2.9504,2.9804
3.0403,3.0408,3.0408
3.0413,3.0413,3.0418
3.0423,3.0433,3.0452
3.0491,3.0568,3.0723
3.1032,3.1301,3.1306
3.1306,3.1306,3.1306
3.1306,3.1306,3.1306
3.1306,3.1306,3.1306
3.1306,3.1306,3.1306
3.1306,3.1306,3.1306
3.1306,3.1306,3.1306
3.1306,3.1306,3.1306
3.1306,3.1307,3.1307
3.1307,3.1308,3.1309
3.1312,3.1317,3.1327
3.1347,3.1388,3.1471
3.1635,3.1963,3.2358
3.2358,3.2358,3.2358
3.2358,3.2358,3.2358
3.2358,3.2358,3.2358
3.2358,3.2358,3.2358
3.2358,3.2358,3.2358
3.2358,3.2358,3.2358
3.2358,3.2358,3.2358
3.2358,3.2358,3.2358
3.2358,3.2358,3.2358
3.2358,3.2359,3.2359
3.2361,3.2364,3.2370
3.2382,3.2406,3.2455
3.2551,3.2745,3.2795
3.3231,3.3270,3.3270
3.3866,3.4283,3.4877
3.5470,3.5767,3.5772
3.5772,3.5776,3.5776
3.5780,3.5784,3.5792
3.5808,3.5841,3.5906
3.6037,3.6298,3.6305
3.6305,3.6305,3.6372
3.6372,3.6372,3.6372
3.6372,3.6372,3.6372
3.6372,3.6372,3.6372
3.6372,3.6372,3.6372
3.6372,3.6372,3.6372
3.6372,3.6372,3.6372
3.6372,3.6372,3.6372
3.6372,3.6372,3.6372
3.6372,3.6372,3.6372
3.6372,3.6372,3.6372
3.6372,3.6372,3.6372
3.6372,3.6373,3.6374
3.6377,3.6383,3.6394
3.6416,3.6461,3.6550
3.6729,3.7086,3.7246
3.7251,3.7251,3.7251
3.7251,3.7251,3.7251
3.7251,3.7251,3.7251
3.7251,3.7251,3.7251
3.7251,3.7251,3.7251
3.7251,3.7251,3.7251
3.7251,3.7251,3.7251
3.7251,3.7251,3.7251
3.7251,3.7251,3.7251
3.7252,3.7252,3.7253
3.7256,3.7260,3.7269
3.7288,3.7324,3.7397
3.7543,3.7835,3.8222
3.8222,3.8222,3.8222
3.8222,3.8222,3.8222
3.8222,3.8222,3.8222
3.8222,3.8222,3.8222
3.8222,3.8222,3.8222
3.8222,3.8222,3.8222
3.8222,3.8222,3.8222
3.8222,3.8222,3.8222
3.8222,3.8222,3.8222
3.8222,3.8223,3.8223
3.8224,3.8226,3.8229
3.8236,3.8250,3.8278
3.8335,3.8448,3.8673
3.8720,3.9071,3.9071
3.9071,3.9071,3.9071
3.9071,3.9071,3.9071
3.9071,3.9071,3.9071
3.9071,3.9071,3.9071
3.9071,3.9071,3.9071
3.9071,3.9071,3.9071
3.9071,3.9071,3.9071
3.9071,3.9071,3.9071
3.9071,3.9071,3.9071
3.9071,3.9071,3.9071
3.9071,3.9071,3.9071
3.9072,3.9073,3.9074
3.9078,3.9085,3.9100
3.9128,3.9186,3.9301
3.9530,3.9733,3.9733
3.9743,3.9743,3.9743
3.9743,3.9743,3.9743
3.9743,3.9743,3.9743
3.9743,3.9743,3.9743
3.9743,3.9743,3.9743
3.9743,3.9743,3.9743
3.9743,3.9743,3.9743
3.9743,3.9743,3.9743
3.9743,3.9743,3.9743
3.9743,3.9743,3.9743
3.9743,3.9743,3.9743
3.9743,3.9743,3.9743
3.9743,3.9743,3.9743
3.9744,3.9745,3.9748
3.9753,3.9764,3.9786
3.9829,3.9915,4.0087
4.0191,4.0638,4.0718
4.0718,4.1305,4.1657
4.2242,4.2827,4.3120
4.3704,4.4287,4.4579
4.4584,4.4584,4.4588
4.4588,4.4593,4.4598
4.4608,4.4627,4.4665
4.4742,4.4895,4.5201
4.5209,4.5209,4.5209
4.5209,4.5209,4.5209
4.5209,4.5209,4.5209
4.5209,4.5209,4.5209
4.5209,4.5209,4.5209
4.5209,4.5209,4.5209
4.5209,4.5209,4.5209
4.5209,4.5209,4.5209
4.5209,4.5209,4.5209
4.5209,4.5210,4.5210
4.5210,4.5211,4.5212
4.5215,4.5220,4.5230
4.5250,4.5292,4.5374
4.5538,4.5866,4.6035
4.6075,4.6075,4.6656
4.7237,4.7487,4.8067
4.8072,4.8072,4.8076
4.8076,4.8076,4.8076
4.8076,4.8076,4.8076
4.8076,4.8076,4.8076
4.8076,4.8076,4.8076
4.8076,4.8076,4.8076
4.8076,4.8076,4.8076
4.8076,4.8076,4.8076
4.8076,4.8076,4.8076
4.8076,4.8076,4.8077
4.8077,4.8077,4.8077
4.8078,4.8081,4.8085
4.8093,4.8109,4.8142
4.8171,4.8171,4.8265
4.8359,4.8547,4.8936
4.8956,4.8956,4.8956
4.8961,4.8961,4.8961
4.8961,4.8961,4.8961
4.8961,4.8961,4.8961
4.8961,4.8961,4.8961
4.8961,4.8961,4.8961
4.8961,4.8961,4.8961
4.8961,4.8961,4.8961
4.8961,4.8961,4.8961
4.8961,4.8962,4.8962
4.8962,4.8962,4.8962
4.8964,4.8966,4.8970
4.8978,4.8994,4.9027
4.9093,4.9225,4.9488
4.9526,4.9526,4.9526
4.9526,4.9526,4.9526
4.9526,4.9526,4.9526
4.9526,4.9526,4.9526
4.9526,4.9526,4.9526
4.9526,4.9526,4.9526
4.9526,4.9526,4.9526
4.9526,4.9526,4.9526
4.9526,4.9526,4.9526
4.9526,4.9526,4.9526
4.9526,4.9526,4.9526
4.9527,4.9527,4.9527
4.9528,4.9530,4.9533
4.9540,4.9555,4.9583
4.9639,4.9752,4.9978
5.0013,5.0013,5.0013
5.0013,5.0013,5.0013
5.0013,5.0013,5.0013
5.0013,5.0013,5.0013
5.0013,5.0013,5.0013
5.0013,5.0013,5.0013
5.0013,5.0013,5.0013
5.0013,5.0013,5.0013
5.0013,5.0013,5.0013
5.0013,5.0013,5.0013
5.0014,5.0014,5.0014
5.0014,5.0014,5.0014
5.0015,5.0017,5.0021
5.0028,5.0042,5.0070
5.0126,5.0239,5.0381
5.0749,5.0772,5.0772
5.0772,5.0772,5.0772
5.0772,5.0772,5.0772
5.0772,5.0772,5.0772
5.0772,5.0772,5.0772
5.0772,5.0772,5.0772
5.0772,5.0772,5.0772
5.0772,5.0772,5.0772
5.0772,5.0772,5.0772
5.0772,5.0772,5.0772
5.0772,5.0773,5.0773
5.0773,5.0775,5.0777
5.0781,5.0790,5.0808
5.0843,5.0913,5.1054
5.1336,5.1350,5.1350
5.1350,5.1366,5.1366
5.1366,5.1366,5.1366
5.1366,5.1366,5.1366
5.1366,5.1366,5.1366
5.1366,5.1366,5.1366
5.1366,5.1366,5.1366
5.1366,5.1366,5.1366
5.1366,5.1366,5.1366
5.1366,5.1366,5.1366
5.1366,5.1366,5.1367
5.1367,5.1367,5.1367
5.1368,5.1370,5.1374
5.1382,5.1398,5.1429
5.1492,5.1617,5.1824
5.1860,5.1860,5.1860
5.1860,5.1860,5.1860
5.1860,5.1860,5.1860
5.1860,5.1860,5.1860
5.1860,5.1860,5.1860
5.1860,5.1860,5.1860
5.1860,5.1860,5.1860
5.1860,5.1860,5.1860
5.1860,5.1860,5.1860
5.1860,5.1860,5.1860
5.1860,5.1860,5.1860
5.1861,5.1862,5.1864
5.1867,5.1874,5.1888
5.1916,5.1973,5.2085
5.2310,5.2629,5.2629
5.2629,5.2629,5.2629
5.2629,5.2629,5.2629
5.2629,5.2629,5.2629
5.2629,5.2629,5.2629
5.2629,5.2629,5.2629
5.2629,5.2629,5.2629
5.2629,5.2629,5.2629
5.2629,5.2629,5.2629
5.2629,5.2629,5.2629
5.2629,5.2630,5.2630
5.2630,5.2630,5.2630
5.2631,5.2633,5.2636
5.2644,5.2658,5.2686
5.2742,5.2855,5.3080
5.3265,5.3322,5.3322
5.3322,5.3327,5.3327
5.3327,5.3327,5.3327
5.3327,5.3327,5.3327
5.3327,5.3327,5.3327
5.3327,5.3327,5.3327
5.3327,5.3327,5.3327
5.3328,5.3328,5.3328
5.3328,5.3328,5.3328
5.3328,5.3328,5.3328
5.3328,5.3328,5.3329
5.3330,5.3332,5.3336
5.3345,5.3363,5.3399
5.3470,5.3612,5.3897
5.3924,5.3924,5.3924
5.3924,5.3924,5.3924
5.3924,5.3924,5.3924
5.3924,5.3924,5.3924
5.3924,5.3924,5.3924
5.3924,5.3924,5.3924
5.3924,5.3924,5.3924
5.3924,5.3924,5.3924
5.3924,5.3924,5.3924
5.3924,5.3924,5.3924
5.3924,5.3924,5.3924
5.3924,5.3925,5.3925
5.3927,5.3931,5.3938
5.3952,5.3980,5.4036
5.4148,5.4373,5.4704
5.4707,5.4707,5.4707
5.4707,5.4707,5.4707
5.4707,5.4707,5.4707
5.4707,5.4707,5.4707
5.4707,5.4707,5.4707
5.4707,5.4707,5.4707
5.4707,5.4707,5.4707
5.4707,5.4707,5.4707
5.4707,5.4707,5.4707
5.4708,5.4709,5.4710
5.4713,5.4718,5.4729
5.4752,5.4796,5.4885
5.5062,5.5417,5.5424
5.5424,5.5424,5.5424
5.5424,5.5424,5.5424
5.5424,5.5424,5.5424
5.5424,5.5424,5.5424
5.5424,5.5424,5.5424
5.5424,5.5424,5.5424
5.5424,5.5424,5.5424
5.5424,5.5424,5.5424
5.5424,5.5424,5.5424
5.5424,5.5425,5.5425
5.5427,5.5430,5.5436
5.5448,5.5471,5.5519
5.5614,5.5804,5.6141
5.6145,5.6145,5.6145
5.6145,5.6145,5.6145
5.6145,5.6145,5.6145
5.6145,5.6145,5.6145
5.6145,5.6145,5.6145
5.6145,5.6145,5.6145
5.6145,5.6145,5.6145
5.6145,5.6145,5.6145
5.6145,5.6145,5.6145
5.6146,5.6146,5.6146
5.6147,5.6148,5.6151
5.6158,5.6170,5.6195
5.6244,5.6342,5.6539
5.6857,5.6857,5.6857
5.6857,5.6857,5.6857
5.6857,5.6857,5.6857
5.6857,5.6857,5.6857
5.6857,5.6857,5.6857
5.6857,5.6857,5.6857
5.6857,5.6857,5.6857
5.6857,5.6857,5.6857
5.6857,5.6857,5.6857
5.6857,5.6857,5.6857
5.6857,5.6857,5.6857
5.6858,5.6858,5.6860
5.6864,5.6871,5.6885
5.6913,5.6969,5.7081
5.7305,5.7577,5.7587
5.7587,5.7587,5.7587
5.7587,5.7587,5.7587
5.7587,5.7587,5.7587
5.7587,5.7587,5.7587
5.7587,5.7587,5.7587
5.7587,5.7587,5.7587
5.7587,5.7587,5.7587
5.7587,5.7587,5.7587
5.7587,5.7587,5.7587
5.7587,5.7587,5.7587
5.7588,5.7589,5.7592
5.7598,5.7610,5.7633
5.7678,5.7770,5.7954
5.8321,5.8325,5.8325
5.8325,5.8325,5.8325
5.8325,5.8325,5.8325
5.8325,5.8325,5.8325
5.8325,5.8325,5.8325
5.8325,5.8325,5.8325
5.8325,5.8325,5.8325
5.8325,5.8325,5.8325
5.8325,5.8325,5.8326
5.8326,5.8326,5.8326
5.8327,5.8329,5.8333
5.8340,5.8355,5.8384
5.8442,5.8558,5.8791
5.9011,5.9029,5.9029
5.9029,5.9029,5.9029
5.9029,5.9029,5.9029
5.9029,5.9029,5.9029
5.9029,5.9029,5.9029
5.9029,5.9029,5.9029
5.9029,5.9029,5.9029
5.9029,5.9029,5.9029
5.9029,5.9029,5.9029
5.9029,5.9029,5.9030
5.9030,5.9030,5.9030
5.9031,5.9033,5.9036
5.9042,5.9054,5.9078
5.9127,5.9225,5.9421
5.9735,5.9735,5.9735
5.9741,5.9741,5.9741
5.9747,5.9754,5.9766
5.9790,5.9839,5.9938
6.0134,6.0444,6.0452
6.0452,6.0452,6.0452
6.0452,6.0452,6.0452
6.0452,6.0452,6.0452
6.0452,6.0452,6.0452
6.0452,6.0452,6.0452
6.0452,6.0452,6.0452
6.0452,6.0452,6.0452
6.0452,6.0452,6.0452
6.0452,6.0452,6.0452
6.0452,6.0452,6.0453
6.0454,6.0456,6.0460
6.0468,6.0485,6.0518
6.0585,6.0719,6.0986
6.1004,6.1004,6.1004
6.1004,6.1004,6.1004
6.1004,6.1004,6.1004
6.1004,6.1004,6.1004
6.1004,6.1004,6.1004
6.1004,6.1004,6.1004
6.1004,6.1004,6.1004
6.1004,6.1004,6.1004
6.1004,6.1004,6.1004
6.1004,6.1004,6.1004
6.1004,6.1004,6.1005
6.1006,6.1009,6.1015
6.1026,6.1048,6.1093
6.1183,6.1362,6.1720
6.1876,6.1884,6.1884
6.1884,6.1884,6.1884
6.1884,6.1884,6.1884
6.1884,6.1884,6.1884
6.1884,6.1884,6.1884
6.1884,6.1884,6.1884
6.1884,6.1884,6.1884
6.1884,6.1884,6.1884
6.1884,6.1884,6.1884
6.1884,6.1884,6.1884
6.1885,6.1885,6.1886
6.1888,6.1891,6.1899
6.1913,6.1942,6.2000
6.2116,6.2347,6.2383
6.2383,6.2383,6.2383
6.2383,6.2383,6.2383
6.2383,6.2383,6.2383
6.2383,6.2383,6.2383
6.2383,6.2383,6.2383
6.2383,6.2383,6.2383
6.2383,6.2383,6.2383
6.2383,6.2383,6.2383
6.2383,6.2383,6.2383
6.2383,6.2383,6.2383
6.2383,6.2384,6.2384
6.2385,6.2387,6.2390
6.2397,6.2411,6.2439
6.2495,6.2607,6.2830
6.2874,6.2874,6.2874
6.2874,6.2874,6.2874
6.2874,6.2874,6.2874
6.2874,6.2874,6.2874
6.2874,6.2874,6.2874
6.2874,6.2874,6.2874
6.2874,6.2874,6.2874
6.2874,6.2874,6.2874
6.2874,6.2874,6.2874
6.2874,6.2874,6.2874
6.2874,6.2874,6.2875
6.2875,6.2876,6.2878
6.2881,6.2888,6.2902
6.2930,6.2986,6.3098
6.3307,6.3368,6.3368
6.3368,6.3368,6.3368
6.3368,6.3368,6.3368
6.3368,6.3368,6.3368
6.3368,6.3368,6.3368
6.3368,6.3368,6.3368
6.3368,6.3368,6.3368
6.3368,6.3368,6.3368
6.3368,6.3368,6.3368
6.3368,6.3368,6.3368
6.3368,6.3368,6.3368
6.3368,6.3369,6.3370
6.3371,6.3375,6.3382
6.3396,6.3424,6.3480
6.3591,6.3815,6.3865
6.3865,6.3865,6.3874
6.3874,6.3874,6.3874
6.3874,6.3874,6.3874
6.3874,6.3874,6.3874
6.3874,6.3874,6.3874
6.3874,6.3874,6.3874
6.3874,6.3874,6.3874
6.3874,6.3874,6.3874
6.3874,6.3874,6.3874
6.3874,6.3874,6.3875
6.3875,6.3875,6.3876
6.3877,6.3880,6.3886
6.3898,6.3921,6.3967
6.4060,6.4246,6.4618
6.4737,6.4750,6.4750
6.4750,6.4757,6.4757
6.4757,6.4757,6.4757
6.4757,6.4757,6.4757
6.4757,6.4757,6.4757
6.4757,6.4757,6.4757
6.4757,6.4757,6.4757
6.4757,6.4757,6.4757
6.4757,6.4757,6.4757
6.4757,6.4757,6.4757
6.4757,6.4757,6.4757
6.4758,6.4759,6.4761
6.4765,6.4773,6.4789
6.4821,6.4886,6.5015
6.5273,6.5297,6.5297
6.5297,6.5297,6.5297
6.5297,6.5297,6.5297
6.5297,6.5297,6.5297
6.5297,6.5297,6.5297
6.5297,6.5297,6.5297
6.5297,6.5297,6.5297
6.5297,6.5297,6.5297
6.5297,6.5297,6.5297
6.5297,6.5297,6.5297
6.5297,6.5297,6.5298
6.5298,6.5299,6.5301
6.5304,6.5311,6.5325
6.5353,6.5409,6.5521
6.5744,6.5801,6.5801
6.5801,6.5819,6.5819
6.5819,6.5838,6.5856
6.5893,6.5968,6.6116
6.6167,6.6514,6.6522
6.6522,6.6522,6.6522
6.6522,6.6522,6.6522
6.6522,6.6522,6.6522
6.6522,6.6522,6.6522
6.6522,6.6522,6.6522
6.6522,6.6522,6.6522
6.6522,6.6522,6.6522
6.6522,6.6522,6.6522
6.6522,6.6522,6.6522
6.6523,6.6523,6.6523
6.6524,6.6526,6.6530
6.6538,6.6553,6.6585
6.6647,6.6772,6.7022
6.7048,6.7048,6.7048
6.7056,6.7056,6.7056
6.7064,6.7071,6.7087
6.7118,6.7180,6.7304
6.7552,6.7595,6.7626
6.7626,6.7626,6.7633
6.7633,6.7633,6.7633
6.7633,6.7633,6.7633
6.7633,6.7633,6.7633
6.7633,6.7633,6.7633
6.7633,6.7633,6.7633
6.7633,6.7633,6.7633
6.7633,6.7633,6.7633
6.7633,6.7633,6.7633
6.7633,6.7633,6.7633
6.7633,6.7633,6.7633
6.7633,6.7634,6.7634
6.7634,6.7635,6.7637
6.7641,6.7649,6.7666
6.7698,6.7762,6.7891
6.8149,6.8171,6.8171
6.8171,6.8171,6.8171
6.8171,6.8171,6.8171
6.8171,6.8171,6.8171
6.8171,6.8171,6.8171
6.8171,6.8171,6.8171
6.8171,6.8171,6.8171
6.8171,6.8171,6.8171
6.8171,6.8171,6.8171
6.8171,6.8171,6.8171
6.8171,6.8172,6.8172
6.8172,6.8173,6.8174
6.8177,6.8182,6.8192
6.8213,6.8255,6.8339
6.8506,6.8841,6.9024
6.9030,6.9030,6.9030
6.9030,6.9030,6.9030
6.9030,6.9030,6.9030
6.9030,6.9030,6.9030
6.9030,6.9030,6.9030
6.9030,6.9030,6.9030
6.9030,6.9030,6.9030
6.9030,6.9030,6.9030
6.9030,6.9030,6.9030
6.9030,6.9030,6.9030
6.9031,6.9032,6.9034
6.9039,6.9048,6.9067
6.9104,6.9178,6.9327
6.9624,6.9635,6.9635
6.9635,6.9635,6.9635
6.9635,6.9635,6.9635
6.9635,6.9635,6.9635
6.9635,6.9635,6.9635
6.9635,6.9635,6.9635
6.9635,6.9635,6.9635
6.9635,6.9635,6.9635
6.9635,6.9635,6.9635
6.9635,6.9635,6.9635
6.9635,6.9635,6.9635
6.9635,6.9635,6.9636
6.9637,6.9638,6.9642
6.9649,6.9663,6.9691
6.9746,6.9858,7.0081
7.0375,7.0375,7.0375
7.0375,7.0375,7.0375
7.0375,7.0375,7.0375
7.0375,7.0375,7.0375
7.0375,7.0375,7.0375
7.0375,7.0375,7.0375
7.0375,7.0375,7.0375
7.0375,7.0375,7.0375
7.0375,7.0375,7.0375
7.0375,7.0375,7.0375
7.0375,7.0375,7.0375
7.0376,7.0376,7.0377
7.0379,7.0382,7.0389
7.0403,7.0431,7.0451
7.0527,7.0679,7.0983
7.0996,7.0996,7.0996
7.1002,7.1002,7.1002
7.1007,7.1012,7.1023
7.1044,7.1086,7.1171
7.1340,7.1678,7.1878
7.1883,7.1883,7.1883
7.1883,7.1883,7.1883
7.1883,7.1883,7.1883
7.1883,7.1883,7.1883
7.1883,7.1883,7.1883
7.1883,7.1883,7.1883
7.1883,7.1883,7.1883
7.1883,7.1883,7.1883
7.1883,7.1883,7.1883
7.1883,7.1883,7.1884
7.1884,7.1886,7.1889
7.1895,7.1907,7.1931
7.1980,7.2076,7.2270
7.2587,7.2587,7.2587
7.2593,7.2593,7.2593
7.2593,7.2593,7.2593
7.2593,7.2593,7.2593
7.2593,7.2593,7.2593
7.2593,7.2593,7.2593
7.2593,7.2593,7.2593
7.2593,7.2593,7.2593
7.2593,7.2593,7.2593
7.2593,7.2593,7.2593
7.2593,7.2593,7.2594
7.2596,7.2599,7.2605
7.2617,7.2640,7.2688
7.2784,7.2975,7.3305
7.3311,7.3311,7.3311
7.3311,7.3311,7.3311
7.3311,7.3311,7.3311
7.3311,7.3311,7.3311
7.3311,7.3311,7.3311
7.3311,7.3311,7.3311
7.3311,7.3311,7.3311
7.3311,7.3311,7.3311
7.3311,7.3311,7.3311
7.3311,7.3312,7.3312
7.3312,7.3313,7.3316
7.3320,7.3329,7.3346
7.3382,7.3452,7.3593
7.3874,7.3887,7.3887
7.3887,7.3895,7.3895
7.3895,7.3903,7.3911
7.3927,7.3959,7.4024
7.4153,7.4411,7.4731
7.4733,7.4733,7.4733
7.4741,7.4741,7.4741
7.4741,7.4741,7.4741
7.4741,7.4741,7.4741
7.4741,7.4741,7.4741
7.4741,7.4741,7.4741
7.4741,7.4741,7.4741
7.4741,7.4741,7.4741
7.4741,7.4741,7.4741
7.4741,7.4741,7.4742
7.4742,7.4742,7.4742
7.4743,7.4744,7.4746
7.4751,7.4760,7.4779
7.4816,7.4891,7.5040
7.5338,7.5347,7.5347
7.5347,7.5347,7.5347
7.5347,7.5347,7.5347
7.5347,7.5347,7.5347
7.5347,7.5347,7.5347
7.5347,7.5347,7.5347
7.5347,7.5347,7.5347
7.5347,7.5347,7.5347
7.5347,7.5347,7.5347
7.5347,7.5347,7.5347
7.5348,7.5348,7.5348
7.5349,7.5350,7.5353
7.5360,7.5372,7.5396
7.5445,7.5542,7.5737
7.6051,7.6051,7.6051
7.6156,7.6262,7.6473
7.6574,7.6574,7.6574
7.6581,7.6581,7.6581
7.6581,7.6581,7.6581
7.6581,7.6581,7.6581
7.6581,7.6581,7.6581
7.6581,7.6581,7.6581
7.6581,7.6581,7.6581
7.6581,7.6581,7.6581
7.6581,7.6581,7.6581
7.6581,7.6581,7.6581
7.6581,7.6582,7.6582
7.6583,7.6585,7.6590
7.6598,7.6615,7.6649
7.6716,7.6851,7.7122
7.7166,7.7166,7.7166
7.7166,7.7166,7.7166
7.7166,7.7166,7.7166
7.7166,7.7166,7.7166
7.7166,7.7166,7.7166
7.7166,7.7166,7.7166
7.7166,7.7166,7.7166
7.7166,7.7166,7.7166
7.7166,7.7166,7.7166
7.7166,7.7166,7.7166
7.7166,7.7166,7.7166
7.7166,7.7167,7.7168
7.7169,7.7173,7.7180
7.7194,7.7222,7.7277
7.7389,7.7582,7.7915
7.7915,7.7915,7.7921
7.7921,7.7921,7.7921
7.7921,7.7921,7.7921
7.7921,7.7921,7.7921
7.7921,7.7921,7.7921
7.7921,7.7921,7.7921
7.7921,7.7921,7.7921
7.7921,7.7921,7.7921
7.7921,7.7921,7.7921
7.7921,7.7921,7.7921
7.7922,7.7923,7.7925
7.7929,7.7937,7.7953
7.7986,7.8051,7.8182
7.8443,7.8472,7.8472
7.8472,7.8472,7.8472
7.8472,7.8472,7.8472
7.8472,7.8472,7.8472
7.8472,7.8472,7.8472
7.8472,7.8472,7.8472
7.8472,7.8472,7.8472
7.8472,7.8472,7.8472
7.8472,7.8472,7.8472
7.8472,7.8472,7.8472
7.8472,7.8472,7.8472
7.8473,7.8473,7.8474
7.8476,7.8479,7.8486
7.8500,7.8528,7.8584
7.8695,7.8918,7.9007
7.9043,7.9043,7.9043
7.9043,7.9043,7.9043
7.9043,7.9043,7.9043
7.9043,7.9043,7.9043
7.9043,7.9043,7.9043
7.9043,7.9043,7.9043
7.9043,7.9043,7.9043
7.9043,7.9043,7.9043
7.9043,7.9043,7.9043
7.9043,7.9043,7.9043
7.9043,7.9043,7.9044
7.9044,7.9045,7.9047
7.9050,7.9057,7.9071
7.9099,7.9154,7.9266
7.9488,7.9574,7.9574
7.9574,7.9580,7.9580
7.9580,7.9580,7.9580
7.9580,7.9580,7.9580
7.9580,7.9580,7.9580
7.9580,7.9580,7.9580
7.9580,7.9580,7.9580
7.9580,7.9580,7.9580
7.9581,7.9581,7.9581
7.9581,7.9581,7.9581
7.9581,7.9581,7.9581
7.9582,7.9584,7.9588
7.9596,7.9611,7.9641
7.9701,7.9821,8.0062
8.0345,8.0345,8.0345
8.0431,8.0518,8.0690
8.1036,8.1044,8.1044
8.1044,8.1044,8.1044
8.1044,8.1044,8.1044
8.1044,8.1044,8.1044
8.1044,8.1044,8.1044
8.1044,8.1044,8.1044
8.1044,8.1044,8.1044
8.1044,8.1044,8.1044
8.1044,8.1044,8.1044
8.1044,8.1044,8.1044
8.1044,8.1045,8.1046
8.1047,8.1051,8.1057
8.1070,8.1096,8.1149
8.1254,8.1463,8.1504
8.1504,8.1855,8.1869
8.1869,8.1897,8.1897
8.1897,8.1926,8.1954
8.2011,8.2125,8.2353
8.2376,8.2376,8.2376
8.2376,8.2376,8.2376
8.2376,8.2376,8.2376
8.2376,8.2376,8.2376
8.2376,8.2376,8.2376
8.2376,8.2376,8.2376
8.2376,8.2376,8.2376
8.2376,8.2376,8.2376
8.2376,8.2376,8.2376
8.2376,8.2376,8.2376
8.2376,8.2376,8.2376
8.2377,8.2377,8.2378
8.2380,8.2383,8.2390
8.2404,8.2432,8.2487
8.2599,8.2821,8.2914
8.2914,8.2914,8.2929
8.2929,8.2929,8.2944
8.2958,8.2987,8.3045
8.3162,8.3279,8.3630
8.3654,8.3654,8.3654
8.3659,8.3659,8.3659
8.3664,8.3669,8.3678
8.3698,8.3736,8.3813
8.3966,8.4274,8.4322
8.4322,8.4322,8.4335
8.4335,8.4335,8.4335
8.4335,8.4335,8.4335
8.4335,8.4335,8.4335
8.4335,8.4335,8.4335
8.4335,8.4335,8.4335
8.4335,8.4335,8.4335
8.4335,8.4335,8.4335
8.4335,8.4335,8.4335
8.4335,8.4335,8.4335
8.4336,8.4336,8.4337
8.4340,8.4344,8.4354
8.4373,8.4410,8.4485
8.4636,8.4703,8.5071
8.5083,8.5083,8.5083
8.5083,8.5083,8.5083
8.5083,8.5083,8.5083
8.5083,8.5083,8.5083
8.5083,8.5083,8.5083
8.5083,8.5083,8.5083
8.5083,8.5083,8.5083
8.5083,8.5083,8.5083
8.5083,8.5083,8.5083
8.5083,8.5083,8.5083
8.5083,8.5084,8.5085
8.5087,8.5092,8.5100
8.5118,8.5153,8.5223
8.5363,8.5644,8.5657
8.5657,8.5657,8.5657
8.5657,8.5657,8.5657
8.5657,8.5657,8.5657
8.5657,8.5657,8.5657
8.5657,8.5657,8.5657
8.5657,8.5657,8.5657
8.5657,8.5657,8.5657
8.5657,8.5657,8.5657
8.5657,8.5657,8.5657
8.5657,8.5657,8.5657
8.5658,8.5659,8.5662
8.5667,8.5677,8.5697
8.5737,8.5817,8.5977
8.6126,8.6596,8.6600
8.6600,8.6600,8.6600
8.6600,8.6600,8.6600
8.6600,8.6600,8.6600
8.6600,8.6600,8.6600
8.6600,8.6600,8.6600
8.6600,8.6600,8.6600
8.6600,8.6600,8.6600
8.6600,8.6600,8.6600
8.6600,8.6601,8.6601
8.6601,8.6601,8.6602
8.6603,8.6606,8.6611
8.6622,8.6643,8.6685
8.6770,8.6939,8.7277
8.7309,8.7309,8.7549
8.7790,8.7796,8.7796
8.7813,8.7813,8.7813
8.7813,8.7813,8.7813
8.7813,8.7813,8.7813
8.7813,8.7813,8.7813
8.7813,8.7813,8.7813
8.7813,8.7813,8.7813
8.7813,8.7813,8.7813
8.7813,8.7813,8.7813
8.7813,8.7813,8.7813
8.7813,8.7813,8.7813
8.7814,8.7814,8.7815
8.7817,8.7820,8.7827
8.7841,8.7868,8.7923
8.8033,8.8252,8.8273
8.8273,8.8630,8.8630
8.8972,8.9314,8.9883
9.0395,9.0964,9.0968
9.0968,9.0973,9.0973
9.0977,9.0981,9.0990
9.1007,9.1041,9.1109
9.1245,9.1518,9.1817
9.1822,9.1822,9.1822
9.1822,9.1822,9.1822
9.1822,9.1822,9.1822
9.1822,9.1822,9.1822
9.1822,9.1822,9.1822
9.1822,9.1822,9.1822
9.1822,9.1822,9.1822
9.1822,9.1822,9.1822
9.1822,9.1822,9.1823
9.1825,9.1827,9.1833
9.1845,9.1868,9.1914
9.2006,9.2191,9.2561
9.2587,9.2587,9.3156
9.3239,9.3808,9.4377
9.4661,9.5230,9.5719
9.5719,9.6084,9.6449
9.7018,9.7508,9.8079
9.8652,9.8940,9.9516
10.0096,10.0386,10.0970
10.1556,10.1851,10.2443
10.3038,10.3336,10.3935
10.4538,10.4841,10.5448
10.5453,10.5453,10.6061
10.6361,10.6913,10.6913
10.6918,10.6918,10.6923
10.6928,10.6938,10.6958
10.6999,10.7080,10.7242
10.7263,10.7263,10.7609
10.7906,10.8528,10.8533
10.8533,10.9158,10.9182
10.9182,10.9211,10.9211
10.9240,10.9269,10.9328
10.9360,10.9360,10.9464
10.9568,10.9626,10.9626
10.9627,10.9627,10.9628
10.9628,10.9630,10.9633
10.9638,10.9649,10.9671
10.9716,10.9726,10.9726
10.9825,10.9924,11.0074
11.0074,11.0176,11.0176
11.0229,11.0229,11.0283
11.0336,11.0399,11.0399
11.0539,11.0539,11.0678
11.0748,11.0748,11.0839
11.0839,11.0930,11.1022
11.1205,11.1571,11.1620
11.1620,11.1759,11.1759
11.1897,11.1912,11.1912
11.1996,11.1996,11.2080
11.2097,11.2097,11.2197
11.2298,11.2499,11.2583
11.2819,11.2819,11.3413
11.3413,11.3420,11.3420
11.3420,11.3427,11.3434
11.3449,11.3477,11.3533
11.3647,11.3873,11.3982
11.3982,11.4144,11.4197
11.4197,11.4413,11.4444
11.4444,11.4691,11.4782
11.4782,11.5026,11.5026
11.5270,11.5491,11.5491
11.5614,11.5614,11.5702
11.5790,11.5966,11.6316
11.6624,11.6624,11.6647
11.6647,11.6647,11.6670
11.6693,11.6739,11.6831
11.7016,11.7114,11.7114
11.7255,11.7396,11.7668
11.7668,11.8221,11.8230
11.8230,11.8230,11.8230
11.8230,11.8230,11.8230
11.8230,11.8230,11.8230
11.8230,11.8230,11.8230
11.8230,11.8230,11.8230
11.8230,11.8230,11.8230
11.8230,11.8230,11.8230
11.8230,11.8230,11.8230
11.8230,11.8230,11.8230
11.8231,11.8231,11.8233
11.8235,11.8241,11.8252
11.8275,11.8320,11.8410
11.8589,11.8801,11.8884
11.8884,11.9500,12.0115
12.0340,12.0954,12.1567
12.1872,12.1877,12.1877
12.1881,12.1881,12.1884
12.1887,12.1893,12.1905
12.1929,12.1937,12.1937
12.1994,12.2051,12.2165
12.2392,12.2702,12.2702
12.2702,12.2702,12.2702
12.2702,12.2702,12.2702
12.2702,12.2702,12.2702
12.2702,12.2702,12.2702
12.2702,12.2702,12.2702
12.2702,12.2702,12.2702
12.2702,12.2702,12.2702
12.2702,12.2702,12.2702
12.2702,12.2703,12.2703
12.2704,12.2706,12.2709
12.2716,12.2730,12.2758
12.2813,12.2924,12.3145
12.3397,12.3798,12.3798
12.3855,12.3855,12.3855
12.3855,12.3855,12.3855
12.3855,12.3855,12.3855
12.3855,12.3855,12.3855
12.3855,12.3855,12.3855
12.3855,12.3855,12.3855
12.3855,12.3855,12.3855
12.3855,12.3855,12.3855
12.3855,12.3855,12.3855
12.3855,12.3855,12.3855
12.3855,12.3855,12.3856
12.3857,12.3858,12.3862
12.3868,12.3882,12.3909
12.3963,12.4072,12.4288
12.4308,12.4308,12.4759
12.4915,12.4920,12.4920
12.4941,12.4941,12.4941
12.4941,12.4941,12.4941
12.4941,12.4941,12.4941
12.4941,12.4941,12.4941
12.4941,12.4941,12.4941
12.4941,12.4941,12.4941
12.4941,12.4941,12.4941
12.4941,12.4941,12.4941
12.4941,12.4941,12.4941
12.4941,12.4941,12.4941
12.4942,12.4942,12.4944
12.4947,12.4953,12.4965
12.4990,12.5039,12.5137
12.5333,12.5725,12.5731
12.5731,12.5731,12.5731
12.5731,12.5731,12.5731
12.5731,12.5731,12.5731
12.5731,12.5731,12.5731
12.5731,12.5731,12.5731
12.5731,12.5731,12.5731
12.5731,12.5731,12.5731
12.5731,12.5731,12.5731
12.5731,12.5732,12.5733
12.5736,12.5741,12.5751
12.5771,12.5811,12.5892
12.6053,12.6374,12.6425
12.6498,12.6498,12.6498
12.6498,12.6498,12.6498
12.6498,12.6498,12.6498
12.6498,12.6498,12.6498
12.6498,12.6498,12.6498
12.6498,12.6498,12.6498
12.6498,12.6498,12.6498
12.6498,12.6498,12.6498
12.6498,12.6498,12.6498
12.6498,12.6498,12.6498
12.6498,12.6499,12.6499
12.6499,12.6500,12.6502
12.6506,12.6513,12.6528
12.6557,12.6616,12.6734
12.6969,12.6985,12.6985
12.7470,12.7479,12.7479
12.7516,12.7516,12.7516
12.7516,12.7516,12.7516
12.7516,12.7516,12.7516
12.7516,12.7516,12.7516
12.7516,12.7516,12.7516
12.7516,12.7516,12.7516
12.7516,12.7516,12.7516
12.7516,12.7516,12.7516
12.7516,12.7516,12.7516
12.7516,12.7516,12.7516
12.7516,12.7517,12.7517
12.7518,12.7520,12.7525
12.7533,12.7550,12.7584
12.7652,12.7788,12.7929
12.8342,12.8348,12.8348
12.8348,12.8348,12.8348
12.8348,12.8348,12.8348
12.8348,12.8348,12.8348
12.8348,12.8348,12.8348
12.8348,12.8348,12.8348
12.8348,12.8348,12.8348
12.8348,12.8348,12.8348
12.8348,12.8348,12.8348
12.8348,12.8348,12.8348
12.8348,12.8348,12.8348
12.8349,12.8350,12.8351
12.8355,12.8362,12.8377
12.8406,12.8465,12.8582
12.8816,12.9147,12.9147
12.9427,12.9707,12.9712
12.9712,12.9732,12.9732
12.9732,12.9732,12.9732
12.9732,12.9732,12.9732
12.9732,12.9732,12.9732
12.9732,12.9732,12.9732
12.9732,12.9732,12.9732
12.9732,12.9732,12.9732
12.9732,12.9732,12.9732
12.9732,12.9732,12.9732
12.9732,12.9732,12.9732
12.9732,12.9732,12.9733
12.9734,12.9737,12.9743
12.9754,12.9777,12.9821
12.9911,13.0091,13.0449
13.0459,13.0459,13.0919
13.0927,13.0927,13.0958
13.0958,13.0958,13.0958
13.0958,13.0958,13.0958
13.0958,13.0958,13.0958
13.0958,13.0958,13.0958
13.0958,13.0958,13.0958
13.0958,13.0958,13.0958
13.0958,13.0958,13.0958
13.0958,13.0958,13.0958
13.0958,13.0958,13.0958
13.0958,13.0958,13.0959
13.0959,13.0960,13.0962
13.0966,13.0973,13.0989
13.1019,13.1080,13.1202
13.1445,13.1459,13.1459
13.1459,13.1459,13.1459
13.1459,13.1459,13.1459
13.1459,13.1459,13.1459
13.1459,13.1459,13.1459
13.1459,13.1459,13.1459
13.1459,13.1459,13.1459
13.1459,13.1459,13.1459
13.1459,13.1459,13.1459
13.1459,13.1459,13.1459
13.1459,13.1460,13.1461
13.1464,13.1469,13.1479
13.1500,13.1541,13.1594
13.1594,13.1729,13.1864
13.2134,13.2405,13.2461
13.2461,13.2461,13.2461
13.2461,13.2461,13.2461
13.2461,13.2461,13.2461
13.2461,13.2461,13.2461
13.2461,13.2461,13.2461
13.2461,13.2461,13.2461
13.2461,13.2461,13.2461
13.2461,13.2461,13.2461
13.2461,13.2461,13.2461
13.2461,13.2461,13.2461
13.2461,13.2462,13.2463
13.2464,13.2468,13.2475
13.2490,13.2519,13.2577
13.2693,13.2924,13.2941
13.2941,13.3420,13.3429
13.3429,13.3459,13.3459
13.3459,13.3490,13.3521
13.3582,13.3705,13.3886
13.4312,13.4317,13.4317
13.4317,13.4333,13.4333
13.4333,13.4333,13.4333
13.4333,13.4333,13.4333
13.4333,13.4333,13.4333
13.4333,13.4333,13.4333
13.4333,13.4333,13.4333
13.4333,13.4333,13.4333
13.4333,13.4333,13.4333
13.4333,13.4333,13.4333
13.4333,13.4333,13.4333
13.4334,13.4334,13.4335
13.4337,13.4341,13.4348
13.4363,13.4393,13.4453
13.4574,13.4814,13.4829
13.4829,13.4829,13.4829
13.4829,13.4829,13.4829
13.4829,13.4829,13.4829
13.4829,13.4829,13.4829
13.4829,13.4829,13.4829
13.4829,13.4829,13.4829
13.4829,13.4829,13.4829
13.4829,13.4829,13.4829
13.4829,13.4829,13.4829
13.4829,13.4829,13.4829
13.4829,13.4829,13.4830
13.4831,13.4833,13.4836
13.4843,13.4858,13.4887
13.4944,13.5059,13.5290
13.5362,13.5736,13.5736
13.5736,13.5736,13.5736
13.5736,13.5736,13.5736
13.5736,13.5736,13.5736
13.5736,13.5736,13.5736
13.5736,13.5736,13.5736
13.5736,13.5736,13.5736
13.5736,13.5736,13.5736
13.5736,13.5736,13.5736
13.5736,13.5736,13.5736
13.5737,13.5737,13.5737
13.5737,13.5738,13.5740
13.5744,13.5751,13.5765
13.5794,13.5851,13.5966
13.6196,13.6522,13.6522
13.6833,13.7145,13.7150
13.7150,13.7165,13.7165
13.7165,13.7180,13.7194
13.7224,13.7284,13.7402
13.7639,13.7655,13.7655
13.8040,13.8040,13.8301
