0.0000,
0.0200,
0.0400,
0.0500,
0.0700,
0.0900,
0.1000,
0.1200,
0.1400,
0.1500,
0.1700,
0.1900,
0.2000,
0.2200,
0.2400,
0.2500,
0.2651,
0.2651,
0.2653,
0.2653,
0.2655,
0.2655,
0.2656,
0.2656,
0.2658,
0.2659,
0.2663,
0.2668,
0.2668,
0.2679,
0.2691,
0.2714,
0.2761,
0.2853,
0.3000,
0.3200,
0.3400,
0.3500,
0.3700,
0.3702,
0.3702,
0.3703,
0.3703,
0.3705,
0.3707,
0.3710,
0.3716,
0.3730,
0.3756,
0.3805,
0.3805,
0.3851,
0.3851,
0.3875,
0.3875,
0.3881,
0.3881,
0.3885,
0.3885,
0.3889,
0.3891,
0.3891,
0.3896,
0.3896,
0.3900,
0.3905,
0.3914,
0.3932,
0.3969,
0.4000,
0.4104,
0.4242,
0.4242,
0.4242,
0.4242,
0.4243,
0.4245,
0.4248,
0.4255,
0.4268,
0.4294,
0.4347,
0.4452,
0.4500,
0.4532,
0.4532,
0.4732,
0.4932,
0.5000,
0.5165,
0.5165,
0.5365,
0.5500,
0.5502,
0.5502,
0.5503,
0.5503,
0.5505,
0.5507,
0.5510,
0.5516,
0.5529,
0.5556,
0.5569,
0.5569,
0.5593,
0.5593,
0.5614,
0.5614,
0.5634,
0.5655,
0.5674,
0.5674,
0.5733,
0.5755,
0.5755,
0.5815,
0.5815,
0.5875,
0.5935,
0.6000,
0.6149,
0.6149,
0.6169,
0.6169,
0.6169,
0.6169,
0.6169,
0.6169,
0.6169,
0.6169,
0.6169,
0.6169,
0.6169,
0.6169,
0.6169,
0.6169,
0.6169,
0.6169,
0.6169,
0.6169,
0.6169,
0.6169,
0.6169,
0.6169,
0.6169,
0.6169,
0.6169,
0.6169,
0.6169,
0.6169,
0.6169,
0.6169,
0.6169,
0.6169,
0.6169,
0.6169,
0.6169,
0.6170,
0.6171,
0.6173,
0.6177,
0.6185,
0.6201,
0.6212,
0.6212,
0.6256,
0.6299,
0.6387,
0.6500,
0.6509,
0.6509,
0.6509,
0.6509,
0.6509,
0.6509,
0.6509,
0.6509,
0.6509,
0.6509,
0.6509,
0.6509,
0.6509,
0.6509,
0.6509,
0.6509,
0.6509,
0.6509,
0.6509,
0.6509,
0.6509,
0.6509,
0.6509,
0.6509,
0.6509,
0.6509,
0.6509,
0.6509,
0.6509,
0.6509,
0.6509,
0.6509,
0.6509,
0.6509,
0.6509,
0.6509,
0.6509,
0.6510,
0.6511,
0.6514,
0.6519,
0.6529,
0.6549,
0.6589,
0.6669,
0.6675,
0.6675,
0.6675,
0.6675,
0.6675,
0.6675,
0.6675,
0.6675,
0.6675,
0.6675,
0.6675,
0.6675,
0.6675,
0.6675,
0.6675,
0.6675,
0.6675,
0.6675,
0.6675,
0.6675,
0.6675,
0.6675,
0.6675,
0.6675,
0.6675,
0.6675,
0.6675,
0.6675,
0.6675,
0.6675,
0.6675,
0.6675,
0.6675,
0.6675,
0.6675,
0.6676,
0.6676,
0.6676,
0.6678,
0.6680,
0.6685,
0.6695,
0.6714,
0.6753,
0.6832,
0.6870,
0.6870,
0.6870,
0.6870,
0.6870,
0.6870,
0.6870,
0.6870,
0.6870,
0.6870,
0.6870,
0.6870,
0.6870,
0.6870,
0.6870,
0.6870,
0.6870,
0.6870,
0.6870,
0.6870,
0.6870,
0.6870,
0.6870,
0.6870,
0.6870,
0.6870,
0.6870,
0.6870,
0.6870,
0.6870,
0.6870,
0.6870,
0.6870,
0.6870,
0.6870,
0.6870,
0.6870,
0.6871,
0.6872,
0.6874,
0.6879,
0.6889,
0.6909,
0.6948,
0.7000,
0.7130,
0.7133,
0.7133,
0.7133,
0.7133,
0.7133,
0.7133,
0.7133,
0.7133,
0.7133,
0.7133,
0.7133,
0.7133,
0.7133,
0.7133,
0.7133,
0.7133,
0.7133,
0.7133,
0.7133,
0.7133,
0.7133,
0.7133,
0.7133,
0.7133,
0.7133,
0.7133,
0.7133,
0.7133,
0.7133,
0.7133,
0.7133,
0.7133,
0.7133,
0.7133,
0.7133,
0.7133,
0.7133,
0.7133,
0.7133,
0.7133,
0.7133,
0.7133,
0.7134,
0.7135,
0.7138,
0.7144,
0.7156,
0.7179,
0.7225,
0.7318,
0.7340,
0.7340,
0.7340,
0.7340,
0.7340,
0.7340,
0.7340,
0.7340,
0.7340,
0.7340,
0.7340,
0.7340,
0.7340,
0.7340,
0.7340,
0.7340,
0.7340,
0.7340,
0.7340,
0.7340,
0.7340,
0.7340,
0.7340,
0.7340,
0.7340,
0.7340,
0.7340,
0.7340,
0.7340,
0.7340,
0.7340,
0.7340,
0.7340,
0.7340,
0.7340,
0.7340,
0.7341,
0.7342,
0.7344,
0.7347,
0.7355,
0.7363,
0.7363,
0.7372,
0.7372,
0.7382,
0.7391,
0.7410,
0.7448,
0.7500,
0.7628,
0.7631,
0.7631,
0.7631,
0.7636,
0.7636,
0.7636,
0.7636,
0.7636,
0.7636,
0.7636,
0.7636,
0.7636,
0.7636,
0.7636,
0.7636,
0.7636,
0.7636,
0.7636,
0.7636,
0.7636,
0.7636,
0.7636,
0.7636,
0.7636,
0.7636,
0.7636,
0.7636,
0.7636,
0.7636,
0.7636,
0.7636,
0.7636,
0.7636,
0.7636,
0.7636,
0.7636,
0.7636,
0.7636,
0.7637,
0.7637,
0.7637,
0.7638,
0.7640,
0.7641,
0.7641,
0.7645,
0.7649,
0.7658,
0.7675,
0.7709,
0.7778,
0.7892,
0.7892,
0.7892,
0.7899,
0.7899,
0.7899,
0.7899,
0.7899,
0.7899,
0.7899,
0.7899,
0.7899,
0.7899,
0.7899,
0.7899,
0.7899,
0.7899,
0.7899,
0.7899,
0.7899,
0.7899,
0.7899,
0.7899,
0.7899,
0.7899,
0.7899,
0.7899,
0.7899,
0.7899,
0.7899,
0.7899,
0.7899,
0.7899,
0.7899,
0.7899,
0.7900,
0.7900,
0.7902,
0.7905,
0.7912,
0.7925,
0.7951,
0.8000,
0.8101,
0.8122,
0.8122,
0.8122,
0.8122,
0.8122,
0.8122,
0.8122,
0.8122,
0.8122,
0.8122,
0.8122,
0.8122,
0.8122,
0.8122,
0.8122,
0.8122,
0.8122,
0.8122,
0.8122,
0.8122,
0.8122,
0.8122,
0.8122,
0.8122,
0.8122,
0.8122,
0.8122,
0.8122,
0.8122,
0.8122,
0.8122,
0.8122,
0.8122,
0.8122,
0.8122,
0.8122,
0.8122,
0.8123,
0.8124,
0.8126,
0.8131,
0.8141,
0.8161,
0.8200,
0.8278,
0.8282,
0.8282,
0.8443,
0.8500,
0.8502,
0.8502,
0.8514,
0.8514,
0.8514,
0.8514,
0.8514,
0.8514,
0.8514,
0.8514,
0.8514,
0.8514,
0.8514,
0.8514,
0.8514,
0.8514,
0.8514,
0.8514,
0.8514,
0.8514,
0.8514,
0.8514,
0.8514,
0.8514,
0.8514,
0.8514,
0.8514,
0.8514,
0.8514,
0.8514,
0.8514,
0.8514,
0.8514,
0.8514,
0.8514,
0.8514,
0.8514,
0.8514,
0.8514,
0.8515,
0.8516,
0.8518,
0.8523,
0.8532,
0.8550,
0.8587,
0.8660,
0.8664,
0.8664,
0.8814,
0.8817,
0.8817,
0.8965,
0.8965,
0.9000,
0.9035,
0.9040,
0.9040,
0.9115,
0.9189,
0.9291,
0.9291,
0.9291,
0.9291,
0.9291,
0.9291,
0.9291,
0.9291,
0.9291,
0.9291,
0.9291,
0.9291,
0.9291,
0.9291,
0.9291,
0.9291,
0.9291,
0.9291,
0.9291,
0.9291,
0.9291,
0.9291,
0.9291,
0.9291,
0.9291,
0.9291,
0.9291,
0.9291,
0.9291,
0.9291,
0.9291,
0.9291,
0.9291,
0.9291,
0.9291,
0.9291,
0.9291,
0.9291,
0.9291,
0.9291,
0.9292,
0.9293,
0.9296,
0.9300,
0.9310,
0.9329,
0.9368,
0.9445,
0.9500,
0.9641,
0.9641,
0.9641,
0.9641,
0.9641,
0.9641,
0.9641,
0.9641,
0.9641,
0.9641,
0.9641,
0.9641,
0.9641,
0.9641,
0.9641,
0.9641,
0.9641,
0.9641,
0.9641,
0.9641,
0.9641,
0.9641,
0.9641,
0.9641,
0.9641,
0.9641,
0.9641,
0.9641,
0.9641,
0.9641,
0.9641,
0.9641,
0.9641,
0.9641,
0.9641,
0.9641,
0.9641,
0.9641,
0.9641,
0.9642,
0.9642,
0.9642,
0.9643,
0.9645,
0.9649,
0.9656,
0.9671,
0.9701,
0.9760,
0.9879,
0.9966,
0.9966,
0.9966,
0.9966,
0.9966,
0.9966,
0.9966,
0.9966,
0.9966,
0.9966,
0.9966,
0.9966,
0.9966,
0.9966,
0.9966,
0.9966,
0.9966,
0.9966,
0.9966,
0.9966,
0.9966,
0.9966,
0.9966,
0.9966,
0.9966,
0.9966,
0.9966,
0.9966,
0.9966,
0.9966,
0.9966,
0.9966,
0.9966,
0.9966,
0.9966,
0.9966,
0.9966,
0.9966,
0.9966,
0.9966,
0.9966,
0.9967,
0.9968,
0.9971,
0.9976,
0.9985,
1.0000,
1.0034,
1.0103,
1.0216,
1.0216,
1.0216,
1.0216,
1.0216,
1.0216,
1.0216,
1.0216,
1.0216,
1.0216,
1.0216,
1.0216,
1.0216,
1.0216,
1.0216,
1.0216,
1.0216,
1.0216,
1.0216,
1.0216,
1.0216,
1.0216,
1.0216,
1.0216,
1.0216,
1.0216,
1.0216,
1.0216,
1.0216,
1.0216,
1.0216,
1.0216,
1.0216,
1.0216,
1.0216,
1.0216,
1.0216,
1.0216,
1.0216,
1.0216,
1.0217,
1.0218,
1.0220,
1.0224,
1.0233,
1.0249,
1.0283,
1.0351,
1.0486,
1.0500,
1.0529,
1.0529,
1.0729,
1.0929,
1.1000,
1.1200,
1.1400,
1.1500,
1.1502,
1.1502,
1.1503,
1.1503,
1.1505,
1.1507,
1.1510,
1.1516,
1.1529,
1.1555,
1.1607,
1.1711,
1.1713,
1.1713,
1.1713,
1.1719,
1.1719,
1.1719,
1.1725,
1.1732,
1.1744,
1.1769,
1.1819,
1.1919,
1.2000,
1.2002,
1.2002,
1.2002,
1.2002,
1.2002,
1.2002,
1.2002,
1.2002,
1.2002,
1.2002,
1.2002,
1.2002,
1.2002,
1.2002,
1.2002,
1.2002,
1.2002,
1.2002,
1.2002,
1.2002,
1.2002,
1.2002,
1.2002,
1.2002,
1.2002,
1.2002,
1.2002,
1.2002,
1.2002,
1.2002,
1.2003,
1.2003,
1.2005,
1.2008,
1.2013,
1.2025,
1.2047,
1.2089,
1.2089,
1.2176,
1.2264,
1.2289,
1.2289,
1.2489,
1.2500,
1.2700,
1.2900,
1.3000,
1.3200,
1.3202,
1.3202,
1.3203,
1.3203,
1.3205,
1.3206,
1.3210,
1.3216,
1.3229,
1.3255,
1.3307,
1.3410,
1.3500,
1.3502,
1.3502,
1.3502,
1.3502,
1.3502,
1.3502,
1.3502,
1.3502,
1.3502,
1.3502,
1.3502,
1.3502,
1.3502,
1.3502,
1.3502,
1.3502,
1.3502,
1.3502,
1.3502,
1.3502,
1.3502,
1.3502,
1.3502,
1.3502,
1.3502,
1.3502,
1.3502,
1.3503,
1.3503,
1.3505,
1.3509,
1.3515,
1.3529,
1.3557,
1.3611,
1.3721,
1.3854,
1.3854,
1.3854,
1.3854,
1.3854,
1.3854,
1.3854,
1.3854,
1.3854,
1.3854,
1.3854,
1.3854,
1.3854,
1.3854,
1.3854,
1.3854,
1.3854,
1.3854,
1.3854,
1.3854,
1.3854,
1.3854,
1.3854,
1.3854,
1.3854,
1.3854,
1.3854,
1.3854,
1.3854,
1.3854,
1.3854,
1.3855,
1.3856,
1.3858,
1.3862,
1.3870,
1.3886,
1.3918,
1.3983,
1.4000,
1.4146,
1.4160,
1.4160,
1.4360,
1.4500,
1.4700,
1.4900,
1.5000,
1.5002,
1.5002,
1.5003,
1.5003,
1.5004,
1.5006,
1.5009,
1.5014,
1.5025,
1.5047,
1.5091,
1.5179,
1.5182,
1.5182,
1.5182,
1.5204,
1.5204,
1.5204,
1.5204,
1.5204,
1.5204,
1.5204,
1.5204,
1.5204,
1.5204,
1.5204,
1.5204,
1.5204,
1.5204,
1.5204,
1.5204,
1.5204,
1.5204,
1.5204,
1.5204,
1.5204,
1.5204,
1.5204,
1.5204,
1.5204,
1.5204,
1.5204,
1.5204,
1.5204,
1.5204,
1.5204,
1.5204,
1.5204,
1.5204,
1.5205,
1.5205,
1.5205,
1.5206,
1.5208,
1.5212,
1.5219,
1.5234,
1.5265,
1.5325,
1.5446,
1.5500,
1.5502,
1.5502,
1.5502,
1.5502,
1.5502,
1.5502,
1.5502,
1.5502,
1.5502,
1.5502,
1.5502,
1.5502,
1.5502,
1.5502,
1.5502,
1.5502,
1.5502,
1.5502,
1.5502,
1.5502,
1.5502,
1.5502,
1.5502,
1.5502,
1.5502,
1.5502,
1.5502,
1.5502,
1.5502,
1.5503,
1.5503,
1.5505,
1.5508,
1.5514,
1.5527,
1.5551,
1.5601,
1.5700,
1.5831,
1.5831,
1.5831,
1.5831,
1.5831,
1.5831,
1.5831,
1.5831,
1.5831,
1.5831,
1.5831,
1.5831,
1.5831,
1.5831,
1.5831,
1.5831,
1.5831,
1.5831,
1.5831,
1.5831,
1.5831,
1.5831,
1.5831,
1.5831,
1.5831,
1.5831,
1.5831,
1.5831,
1.5831,
1.5831,
1.5831,
1.5831,
1.5832,
1.5833,
1.5836,
1.5840,
1.5850,
1.5869,
1.5907,
1.5984,
1.6000,
1.6119,
1.6119,
1.6119,
1.6119,
1.6119,
1.6119,
1.6119,
1.6119,
1.6119,
1.6119,
1.6119,
1.6119,
1.6119,
1.6119,
1.6119,
1.6119,
1.6119,
1.6119,
1.6119,
1.6119,
1.6119,
1.6119,
1.6119,
1.6119,
1.6119,
1.6119,
1.6119,
1.6119,
1.6119,
1.6119,
1.6119,
1.6119,
1.6119,
1.6119,
1.6119,
1.6119,
1.6120,
1.6120,
1.6122,
1.6124,
1.6129,
1.6139,
1.6158,
1.6197,
1.6275,
1.6344,
1.6344,
1.6348,
1.6348,
1.6348,
1.6348,
1.6348,
1.6348,
1.6348,
1.6348,
1.6348,
1.6348,
1.6348,
1.6348,
1.6348,
1.6348,
1.6348,
1.6348,
1.6348,
1.6348,
1.6348,
1.6348,
1.6348,
1.6348,
1.6348,
1.6348,
1.6348,
1.6348,
1.6348,
1.6348,
1.6348,
1.6348,
1.6348,
1.6348,
1.6348,
1.6348,
1.6348,
1.6348,
1.6348,
1.6348,
1.6348,
1.6348,
1.6348,
1.6349,
1.6351,
1.6355,
1.6362,
1.6377,
1.6406,
1.6465,
1.6500,
1.6652,
1.6680,
1.6680,
1.6880,
1.7000,
1.7200,
1.7400,
1.7500,
1.7700,
1.7900,
1.8000,
1.8002,
1.8002,
1.8003,
1.8003,
1.8005,
1.8007,
1.8010,
1.8016,
1.8030,
1.8056,
1.8108,
1.8214,
1.8216,
1.8216,
1.8216,
1.8216,
1.8216,
1.8216,
1.8216,
1.8216,
1.8216,
1.8216,
1.8216,
1.8216,
1.8216,
1.8216,
1.8216,
1.8216,
1.8216,
1.8216,
1.8216,
1.8216,
1.8216,
1.8216,
1.8216,
1.8216,
1.8216,
1.8216,
1.8216,
1.8216,
1.8216,
1.8217,
1.8217,
1.8217,
1.8217,
1.8218,
1.8220,
1.8223,
1.8231,
1.8245,
1.8273,
1.8329,
1.8442,
1.8500,
1.8514,
1.8514,
1.8714,
1.8914,
1.9000,
1.9200,
1.9202,
1.9202,
1.9203,
1.9203,
1.9203,
1.9203,
1.9203,
1.9203,
1.9203,
1.9203,
1.9203,
1.9203,
1.9203,
1.9203,
1.9203,
1.9203,
1.9203,
1.9203,
1.9203,
1.9203,
1.9203,
1.9203,
1.9203,
1.9203,
1.9203,
1.9203,
1.9203,
1.9203,
1.9203,
1.9203,
1.9203,
1.9203,
1.9204,
1.9204,
1.9205,
1.9206,
1.9209,
1.9215,
1.9226,
1.9236,
1.9236,
1.9268,
1.9301,
1.9366,
1.9500,
1.9507,
1.9507,
1.9507,
1.9509,
1.9509,
1.9509,
1.9509,
1.9509,
1.9509,
1.9509,
1.9509,
1.9509,
1.9509,
1.9509,
1.9509,
1.9509,
1.9509,
1.9509,
1.9509,
1.9509,
1.9509,
1.9509,
1.9509,
1.9509,
1.9509,
1.9509,
1.9509,
1.9509,
1.9509,
1.9509,
1.9509,
1.9509,
1.9509,
1.9510,
1.9510,
1.9512,
1.9515,
1.9520,
1.9532,
1.9554,
1.9600,
1.9691,
1.9704,
1.9704,
1.9704,
1.9704,
1.9704,
1.9704,
1.9704,
1.9704,
1.9704,
1.9704,
1.9704,
1.9704,
1.9704,
1.9704,
1.9704,
1.9704,
1.9704,
1.9704,
1.9704,
1.9704,
1.9704,
1.9704,
1.9704,
1.9704,
1.9704,
1.9704,
1.9704,
1.9704,
1.9704,
1.9704,
1.9704,
1.9704,
1.9704,
1.9704,
1.9704,
1.9704,
1.9705,
1.9705,
1.9707,
1.9709,
1.9714,
1.9724,
1.9743,
1.9782,
1.9860,
1.9873,
1.9873,
1.9873,
1.9873,
1.9873,
1.9873,
1.9873,
1.9873,
1.9873,
1.9873,
1.9873,
1.9873,
1.9873,
1.9873,
1.9873,
1.9873,
1.9873,
1.9873,
1.9873,
1.9873,
1.9873,
1.9873,
1.9873,
1.9873,
1.9873,
1.9873,
1.9873,
1.9873,
1.9873,
1.9873,
1.9873,
1.9873,
1.9873,
1.9873,
1.9873,
1.9873,
1.9873,
1.9874,
1.9875,
1.9878,
1.9882,
1.9892,
1.9912,
1.9951,
2.0000,
2.0127,
2.0135,
2.0135,
2.0135,
2.0135,
2.0135,
2.0135,
2.0135,
2.0135,
2.0135,
2.0135,
2.0135,
2.0135,
2.0135,
2.0135,
2.0135,
2.0135,
2.0135,
2.0135,
2.0135,
2.0135,
2.0135,
2.0135,
2.0135,
2.0135,
2.0135,
2.0135,
2.0135,
2.0135,
2.0135,
2.0135,
2.0135,
2.0136,
2.0136,
2.0136,
2.0137,
2.0138,
2.0141,
2.0148,
2.0160,
2.0184,
2.0233,
2.0331,
2.0335,
2.0335,
2.0335,
2.0341,
2.0341,
2.0341,
2.0341,
2.0341,
2.0341,
2.0341,
2.0341,
2.0341,
2.0341,
2.0341,
2.0341,
2.0341,
2.0341,
2.0341,
2.0341,
2.0341,
2.0341,
2.0341,
2.0341,
2.0341,
2.0341,
2.0341,
2.0341,
2.0341,
2.0341,
2.0341,
2.0341,
2.0341,
2.0341,
2.0341,
2.0342,
2.0342,
2.0343,
2.0344,
2.0347,
2.0352,
2.0363,
2.0385,
2.0428,
2.0500,
2.0512,
2.0512,
2.0512,
2.0512,
2.0512,
2.0512,
2.0512,
2.0512,
2.0512,
2.0512,
2.0512,
2.0512,
2.0512,
2.0512,
2.0512,
2.0512,
2.0512,
2.0512,
2.0512,
2.0512,
2.0512,
2.0512,
2.0512,
2.0512,
2.0512,
2.0512,
2.0512,
2.0512,
2.0512,
2.0512,
2.0512,
2.0512,
2.0512,
2.0513,
2.0513,
2.0514,
2.0515,
2.0517,
2.0522,
2.0532,
2.0551,
2.0590,
2.0669,
2.0779,
2.0779,
2.0779,
2.0779,
2.0779,
2.0779,
2.0779,
2.0779,
2.0779,
2.0779,
2.0779,
2.0779,
2.0779,
2.0779,
2.0779,
2.0779,
2.0779,
2.0779,
2.0779,
2.0779,
2.0779,
2.0779,
2.0779,
2.0779,
2.0779,
2.0779,
2.0779,
2.0779,
2.0779,
2.0779,
2.0779,
2.0779,
2.0779,
2.0779,
2.0780,
2.0780,
2.0780,
2.0782,
2.0784,
2.0789,
2.0799,
2.0818,
2.0857,
2.0935,
2.1000,
2.1020,
2.1020,
2.1020,
2.1022,
2.1022,
2.1022,
2.1022,
2.1022,
2.1022,
2.1022,
2.1022,
2.1022,
2.1022,
2.1022,
2.1022,
2.1022,
2.1022,
2.1022,
2.1022,
2.1022,
2.1022,
2.1022,
2.1022,
2.1022,
2.1022,
2.1022,
2.1022,
2.1022,
2.1022,
2.1022,
2.1022,
2.1022,
2.1022,
2.1023,
2.1025,
2.1028,
2.1034,
2.1046,
2.1071,
2.1120,
2.1219,
2.1229,
2.1229,
2.1229,
2.1229,
2.1229,
2.1229,
2.1229,
2.1229,
2.1229,
2.1229,
2.1229,
2.1229,
2.1229,
2.1229,
2.1229,
2.1229,
2.1229,
2.1229,
2.1229,
2.1229,
2.1229,
2.1229,
2.1229,
2.1229,
2.1229,
2.1229,
2.1229,
2.1229,
2.1229,
2.1229,
2.1229,
2.1229,
2.1229,
2.1229,
2.1229,
2.1229,
2.1230,
2.1231,
2.1234,
2.1238,
2.1248,
2.1268,
2.1307,
2.1385,
2.1500,
2.1501,
2.1501,
2.1501,
2.1501,
2.1501,
2.1501,
2.1501,
2.1501,
2.1501,
2.1501,
2.1501,
2.1501,
2.1501,
2.1501,
2.1501,
2.1501,
2.1501,
2.1501,
2.1501,
2.1501,
2.1501,
2.1501,
2.1501,
2.1501,
2.1501,
2.1501,
2.1501,
2.1501,
2.1502,
2.1502,
2.1503,
2.1505,
2.1509,
2.1516,
2.1532,
2.1563,
2.1625,
2.1748,
2.1750,
2.1750,
2.1750,
2.1750,
2.1750,
2.1750,
2.1750,
2.1750,
2.1750,
2.1750,
2.1750,
2.1750,
2.1750,
2.1750,
2.1750,
2.1750,
2.1750,
2.1750,
2.1750,
2.1750,
2.1750,
2.1750,
2.1750,
2.1750,
2.1750,
2.1750,
2.1750,
2.1750,
2.1750,
2.1751,
2.1751,
2.1751,
2.1752,
2.1754,
2.1759,
2.1767,
2.1783,
2.1816,
2.1882,
2.2000,
2.2001,
2.2001,
2.2001,
2.2001,
2.2001,
2.2001,
2.2001,
2.2001,
2.2001,
2.2001,
2.2001,
2.2001,
2.2001,
2.2001,
2.2001,
2.2001,
2.2001,
2.2001,
2.2001,
2.2001,
2.2001,
2.2001,
2.2001,
2.2001,
2.2001,
2.2001,
2.2001,
2.2001,
2.2002,
2.2002,
2.2002,
2.2002,
2.2004,
2.2006,
2.2010,
2.2019,
2.2036,
2.2070,
2.2139,
2.2249,
2.2249,
2.2249,
2.2249,
2.2249,
2.2249,
2.2249,
2.2249,
2.2249,
2.2249,
2.2249,
2.2249,
2.2249,
2.2249,
2.2249,
2.2249,
2.2249,
2.2249,
2.2249,
2.2249,
2.2249,
2.2249,
2.2249,
2.2249,
2.2249,
2.2249,
2.2249,
2.2249,
2.2249,
2.2249,
2.2249,
2.2249,
2.2249,
2.2249,
2.2250,
2.2250,
2.2252,
2.2254,
2.2259,
2.2269,
2.2288,
2.2327,
2.2405,
2.2500,
2.2503,
2.2503,
2.2503,
2.2503,
2.2503,
2.2503,
2.2503,
2.2503,
2.2503,
2.2503,
2.2503,
2.2503,
2.2503,
2.2503,
2.2503,
2.2503,
2.2503,
2.2503,
2.2503,
2.2503,
2.2503,
2.2503,
2.2503,
2.2503,
2.2503,
2.2503,
2.2503,
2.2503,
2.2503,
2.2504,
2.2504,
2.2504,
2.2504,
2.2505,
2.2507,
2.2511,
2.2519,
2.2535,
2.2567,
2.2631,
2.2759,
2.2761,
2.2761,
2.2761,
2.2761,
2.2761,
2.2761,
2.2761,
2.2761,
2.2761,
2.2761,
2.2761,
2.2761,
2.2761,
2.2761,
2.2761,
2.2761,
2.2761,
2.2761,
2.2761,
2.2761,
2.2761,
2.2761,
2.2761,
2.2761,
2.2761,
2.2761,
2.2761,
2.2761,
2.2761,
2.2762,
2.2762,
2.2763,
2.2766,
2.2771,
2.2781,
2.2802,
2.2842,
2.2923,
2.3000,
2.3006,
2.3006,
2.3006,
2.3006,
2.3006,
2.3006,
2.3006,
2.3006,
2.3006,
2.3006,
2.3006,
2.3006,
2.3006,
2.3006,
2.3006,
2.3006,
2.3006,
2.3006,
2.3006,
2.3006,
2.3006,
2.3006,
2.3006,
2.3006,
2.3006,
2.3006,
2.3006,
2.3006,
2.3006,
2.3006,
2.3007,
2.3007,
2.3007,
2.3007,
2.3009,
2.3011,
2.3015,
2.3024,
2.3041,
2.3075,
2.3143,
2.3253,
2.3253,
2.3253,
2.3255,
2.3255,
2.3255,
2.3257,
2.3259,
2.3263,
2.3272,
2.3289,
2.3323,
2.3392,
2.3500,
2.3503,
2.3503,
2.3503,
2.3503,
2.3503,
2.3503,
2.3503,
2.3503,
2.3503,
2.3503,
2.3503,
2.3503,
2.3503,
2.3503,
2.3503,
2.3503,
2.3503,
2.3503,
2.3503,
2.3503,
2.3503,
2.3503,
2.3503,
2.3503,
2.3503,
2.3503,
2.3503,
2.3503,
2.3503,
2.3503,
2.3503,
2.3503,
2.3504,
2.3506,
2.3508,
2.3514,
2.3526,
2.3549,
2.3596,
2.3689,
2.3695,
2.3695,
2.3695,
2.3695,
2.3695,
2.3695,
2.3695,
2.3695,
2.3695,
2.3695,
2.3695,
2.3695,
2.3695,
2.3695,
2.3695,
2.3695,
2.3695,
2.3695,
2.3695,
2.3695,
2.3695,
2.3695,
2.3695,
2.3695,
2.3695,
2.3695,
2.3695,
2.3695,
2.3695,
2.3695,
2.3695,
2.3696,
2.3696,
2.3696,
2.3697,
2.3699,
2.3703,
2.3711,
2.3727,
2.3758,
2.3820,
2.3946,
2.4000,
2.4003,
2.4003,
2.4003,
2.4003,
2.4003,
2.4003,
2.4003,
2.4003,
2.4003,
2.4003,
2.4003,
2.4003,
2.4003,
2.4003,
2.4003,
2.4003,
2.4003,
2.4003,
2.4003,
2.4003,
2.4003,
2.4003,
2.4003,
2.4003,
2.4003,
2.4003,
2.4003,
2.4003,
2.4003,
2.4003,
2.4003,
2.4003,
2.4004,
2.4005,
2.4008,
2.4013,
2.4023,
2.4043,
2.4084,
2.4165,
2.4177,
2.4177,
2.4177,
2.4177,
2.4177,
2.4177,
2.4177,
2.4177,
2.4177,
2.4177,
2.4177,
2.4177,
2.4177,
2.4177,
2.4177,
2.4177,
2.4177,
2.4177,
2.4177,
2.4177,
2.4177,
2.4177,
2.4177,
2.4177,
2.4177,
2.4177,
2.4177,
2.4177,
2.4177,
2.4177,
2.4177,
2.4177,
2.4177,
2.4177,
2.4178,
2.4178,
2.4180,
2.4182,
2.4187,
2.4197,
2.4216,
2.4255,
2.4333,
2.4349,
2.4349,
2.4349,
2.4349,
2.4349,
2.4349,
2.4349,
2.4349,
2.4349,
2.4349,
2.4349,
2.4349,
2.4349,
2.4349,
2.4349,
2.4349,
2.4349,
2.4349,
2.4349,
2.4349,
2.4349,
2.4349,
2.4349,
2.4349,
2.4349,
2.4349,
2.4349,
2.4349,
2.4349,
2.4349,
2.4349,
2.4349,
2.4349,
2.4349,
2.4349,
2.4350,
2.4351,
2.4354,
2.4359,
2.4368,
2.4388,
2.4427,
2.4500,
2.4521,
2.4521,
2.4521,
2.4521,
2.4521,
2.4521,
2.4521,
2.4521,
2.4521,
2.4521,
2.4521,
2.4521,
2.4521,
2.4521,
2.4521,
2.4521,
2.4521,
2.4521,
2.4521,
2.4521,
2.4521,
2.4521,
2.4521,
2.4521,
2.4521,
2.4521,
2.4521,
2.4521,
2.4521,
2.4521,
2.4521,
2.4521,
2.4521,
2.4522,
2.4522,
2.4522,
2.4524,
2.4526,
2.4531,
2.4541,
2.4560,
2.4599,
2.4677,
2.4695,
2.4695,
2.4695,
2.4698,
2.4698,
2.4698,
2.4698,
2.4698,
2.4698,
2.4698,
2.4698,
2.4698,
2.4698,
2.4698,
2.4698,
2.4698,
2.4698,
2.4698,
2.4698,
2.4698,
2.4698,
2.4698,
2.4698,
2.4698,
2.4698,
2.4698,
2.4698,
2.4698,
2.4698,
2.4698,
2.4698,
2.4698,
2.4699,
2.4699,
2.4699,
2.4700,
2.4702,
2.4706,
2.4715,
2.4731,
2.4763,
2.4828,
2.4958,
2.5000,
2.5004,
2.5004,
2.5004,
2.5007,
2.5007,
2.5007,
2.5007,
2.5007,
2.5007,
2.5007,
2.5007,
2.5007,
2.5007,
2.5007,
2.5007,
2.5007,
2.5007,
2.5007,
2.5007,
2.5007,
2.5007,
2.5007,
2.5007,
2.5007,
2.5007,
2.5007,
2.5007,
2.5007,
2.5007,
2.5007,
2.5007,
2.5007,
2.5007,
2.5007,
2.5008,
2.5010,
2.5012,
2.5018,
2.5029,
2.5052,
2.5097,
2.5187,
2.5196,
2.5196,
2.5196,
2.5196,
2.5196,
2.5196,
2.5196,
2.5196,
2.5196,
2.5196,
2.5196,
2.5196,
2.5196,
2.5196,
2.5196,
2.5196,
2.5196,
2.5196,
2.5196,
2.5196,
2.5196,
2.5196,
2.5196,
2.5196,
2.5196,
2.5196,
2.5196,
2.5196,
2.5196,
2.5196,
2.5196,
2.5196,
2.5196,
2.5196,
2.5197,
2.5198,
2.5201,
2.5206,
2.5215,
2.5235,
2.5274,
2.5352,
2.5372,
2.5372,
2.5372,
2.5378,
2.5378,
2.5378,
2.5385,
2.5391,
2.5404,
2.5430,
2.5482,
2.5500,
2.5622,
2.5624,
2.5624,
2.5624,
2.5624,
2.5624,
2.5624,
2.5624,
2.5624,
2.5624,
2.5624,
2.5624,
2.5624,
2.5624,
2.5624,
2.5624,
2.5624,
2.5624,
2.5624,
2.5624,
2.5624,
2.5624,
2.5624,
2.5624,
2.5624,
2.5624,
2.5624,
2.5624,
2.5624,
2.5624,
2.5625,
2.5625,
2.5625,
2.5626,
2.5627,
2.5630,
2.5635,
2.5646,
2.5668,
2.5712,
2.5799,
2.5808,
2.5808,
2.5808,
2.5811,
2.5811,
2.5811,
2.5814,
2.5817,
2.5822,
2.5833,
2.5855,
2.5898,
2.5985,
2.6000,
2.6011,
2.6011,
2.6011,
2.6013,
2.6013,
2.6013,
2.6013,
2.6013,
2.6013,
2.6013,
2.6013,
2.6013,
2.6013,
2.6013,
2.6013,
2.6013,
2.6013,
2.6013,
2.6013,
2.6013,
2.6013,
2.6013,
2.6013,
2.6013,
2.6013,
2.6013,
2.6013,
2.6013,
2.6013,
2.6013,
2.6013,
2.6013,
2.6013,
2.6013,
2.6013,
2.6013,
2.6013,
2.6014,
2.6014,
2.6015,
2.6016,
2.6019,
2.6025,
2.6036,
2.6058,
2.6104,
2.6194,
2.6202,
2.6202,
2.6202,
2.6202,
2.6202,
2.6202,
2.6202,
2.6202,
2.6202,
2.6202,
2.6202,
2.6202,
2.6202,
2.6202,
2.6202,
2.6202,
2.6202,
2.6202,
2.6202,
2.6202,
2.6202,
2.6202,
2.6202,
2.6202,
2.6202,
2.6202,
2.6202,
2.6202,
2.6202,
2.6202,
2.6202,
2.6202,
2.6202,
2.6202,
2.6203,
2.6203,
2.6205,
2.6209,
2.6216,
2.6231,
2.6260,
2.6319,
2.6436,
2.6500,
2.6502,
2.6502,
2.6502,
2.6502,
2.6502,
2.6502,
2.6502,
2.6502,
2.6502,
2.6502,
2.6502,
2.6502,
2.6502,
2.6502,
2.6502,
2.6502,
2.6502,
2.6502,
2.6502,
2.6502,
2.6502,
2.6502,
2.6502,
2.6502,
2.6502,
2.6502,
2.6502,
2.6502,
2.6502,
2.6502,
2.6503,
2.6503,
2.6504,
2.6505,
2.6509,
2.6515,
2.6528,
2.6554,
2.6606,
2.6710,
2.6714,
2.6714,
2.6714,
2.6714,
2.6714,
2.6714,
2.6714,
2.6714,
2.6714,
2.6714,
2.6714,
2.6714,
2.6714,
2.6714,
2.6714,
2.6714,
2.6714,
2.6714,
2.6714,
2.6714,
2.6714,
2.6714,
2.6714,
2.6714,
2.6714,
2.6714,
2.6714,
2.6714,
2.6714,
2.6714,
2.6714,
2.6714,
2.6714,
2.6714,
2.6714,
2.6715,
2.6715,
2.6716,
2.6719,
2.6724,
2.6734,
2.6753,
2.6792,
2.6870,
2.6973,
2.6973,
2.6973,
2.6973,
2.6973,
2.6973,
2.6973,
2.6973,
2.6973,
2.6973,
2.6973,
2.6973,
2.6973,
2.6973,
2.6973,
2.6973,
2.6973,
2.6973,
2.6973,
2.6973,
2.6973,
2.6973,
2.6973,
2.6973,
2.6973,
2.6973,
2.6973,
2.6973,
2.6973,
2.6973,
2.6973,
2.6973,
2.6973,
2.6974,
2.6974,
2.6974,
2.6975,
2.6976,
2.6978,
2.6983,
2.6993,
2.7000,
2.7027,
2.7080,
2.7186,
2.7191,
2.7191,
2.7191,
2.7193,
2.7193,
2.7193,
2.7195,
2.7197,
2.7200,
2.7208,
2.7222,
2.7252,
2.7311,
2.7430,
2.7500,
2.7502,
2.7502,
2.7502,
2.7502,
2.7502,
2.7502,
2.7502,
2.7502,
2.7502,
2.7502,
2.7502,
2.7502,
2.7502,
2.7502,
2.7502,
2.7502,
2.7502,
2.7502,
2.7502,
2.7502,
2.7502,
2.7502,
2.7502,
2.7502,
2.7502,
2.7502,
2.7502,
2.7502,
2.7502,
2.7502,
2.7502,
2.7503,
2.7504,
2.7506,
2.7510,
2.7519,
2.7536,
2.7569,
2.7637,
2.7748,
2.7748,
2.7748,
2.7750,
2.7750,
2.7750,
2.7750,
2.7750,
2.7750,
2.7750,
2.7750,
2.7750,
2.7750,
2.7750,
2.7750,
2.7750,
2.7750,
2.7750,
2.7750,
2.7750,
2.7750,
2.7750,
2.7750,
2.7750,
2.7750,
2.7750,
2.7750,
2.7750,
2.7750,
2.7750,
2.7751,
2.7751,
2.7751,
2.7751,
2.7752,
2.7755,
2.7759,
2.7767,
2.7784,
2.7817,
2.7884,
2.8000,
2.8002,
2.8002,
2.8002,
2.8002,
2.8002,
2.8002,
2.8002,
2.8002,
2.8002,
2.8002,
2.8002,
2.8002,
2.8002,
2.8002,
2.8002,
2.8002,
2.8002,
2.8002,
2.8002,
2.8002,
2.8002,
2.8002,
2.8002,
2.8002,
2.8002,
2.8002,
2.8002,
2.8002,
2.8002,
2.8002,
2.8003,
2.8003,
2.8004,
2.8005,
2.8008,
2.8015,
2.8027,
2.8052,
2.8101,
2.8200,
2.8204,
2.8204,
2.8204,
2.8207,
2.8207,
2.8207,
2.8210,
2.8213,
2.8218,
2.8229,
2.8252,
2.8297,
2.8388,
2.8500,
2.8501,
2.8501,
2.8501,
2.8504,
2.8504,
2.8504,
2.8504,
2.8504,
2.8504,
2.8504,
2.8504,
2.8504,
2.8504,
2.8504,
2.8504,
2.8504,
2.8504,
2.8504,
2.8504,
2.8504,
2.8504,
2.8504,
2.8504,
2.8504,
2.8504,
2.8504,
2.8504,
2.8504,
2.8504,
2.8504,
2.8504,
2.8504,
2.8504,
2.8504,
2.8505,
2.8505,
2.8507,
2.8510,
2.8517,
2.8530,
2.8556,
2.8608,
2.8713,
2.8716,
2.8716,
2.8716,
2.8716,
2.8716,
2.8716,
2.8716,
2.8716,
2.8716,
2.8716,
2.8716,
2.8716,
2.8716,
2.8716,
2.8716,
2.8716,
2.8716,
2.8716,
2.8716,
2.8716,
2.8716,
2.8716,
2.8716,
2.8716,
2.8716,
2.8716,
2.8716,
2.8716,
2.8716,
2.8716,
2.8716,
2.8716,
2.8717,
2.8717,
2.8718,
2.8720,
2.8725,
2.8733,
2.8750,
2.8785,
2.8853,
2.8963,
2.8963,
2.8963,
2.9000,
2.9037,
2.9111,
2.9147,
2.9147,
2.9147,
2.9149,
2.9149,
2.9149,
2.9149,
2.9149,
2.9149,
2.9149,
2.9149,
2.9149,
2.9149,
2.9149,
2.9149,
2.9149,
2.9149,
2.9149,
2.9149,
2.9149,
2.9149,
2.9149,
2.9149,
2.9149,
2.9149,
2.9149,
2.9149,
2.9149,
2.9149,
2.9149,
2.9149,
2.9149,
2.9149,
2.9150,
2.9150,
2.9152,
2.9155,
2.9161,
2.9173,
2.9196,
2.9244,
2.9339,
2.9354,
2.9354,
2.9354,
2.9354,
2.9354,
2.9354,
2.9354,
2.9354,
2.9354,
2.9354,
2.9354,
2.9354,
2.9354,
2.9354,
2.9354,
2.9354,
2.9354,
2.9354,
2.9354,
2.9354,
2.9354,
2.9354,
2.9354,
2.9354,
2.9354,
2.9354,
2.9354,
2.9354,
2.9354,
2.9354,
2.9354,
2.9354,
2.9354,
2.9354,
2.9354,
2.9355,
2.9355,
2.9357,
2.9359,
2.9364,
2.9374,
2.9393,
2.9432,
2.9500,
2.9617,
2.9617,
2.9617,
2.9619,
2.9619,
2.9619,
2.9619,
2.9619,
2.9619,
2.9619,
2.9619,
2.9619,
2.9619,
2.9619,
2.9619,
2.9619,
2.9619,
2.9619,
2.9619,
2.9619,
2.9619,
2.9619,
2.9619,
2.9619,
2.9619,
2.9619,
2.9619,
2.9619,
2.9619,
2.9619,
2.9619,
2.9619,
2.9620,
2.9620,
2.9622,
2.9625,
2.9630,
2.9642,
2.9665,
2.9711,
2.9802,
2.9812,
2.9812,
2.9812,
2.9812,
2.9812,
2.9812,
2.9812,
2.9812,
2.9812,
2.9812,
2.9812,
2.9812,
2.9812,
2.9812,
2.9812,
2.9812,
2.9812,
2.9812,
2.9812,
2.9812,
2.9812,
2.9812,
2.9812,
2.9812,
2.9812,
2.9812,
2.9812,
2.9812,
2.9812,
2.9812,
2.9813,
2.9813,
2.9813,
2.9813,
2.9813,
2.9814,
2.9815,
2.9817,
2.9822,
2.9832,
2.9852,
2.9891,
2.9969,
3.0000,
3.0013,
3.0013,
3.0013,
3.0013,
3.0013,
3.0013,
3.0013,
3.0013,
3.0013,
3.0013,
3.0013,
3.0013,
3.0013,
3.0013,
3.0013,
3.0013,
3.0013,
3.0013,
3.0013,
3.0013,
3.0013,
3.0013,
3.0013,
3.0013,
3.0013,
3.0013,
3.0013,
3.0013,
3.0013,
3.0013,
3.0013,
3.0013,
3.0013,
3.0013,
3.0013,
3.0014,
3.0015,
3.0018,
3.0023,
3.0032,
3.0052,
3.0091,
3.0169,
3.0199,
3.0199,
3.0199,
3.0201,
3.0201,
3.0201,
3.0201,
3.0201,
3.0201,
3.0201,
3.0201,
3.0201,
3.0201,
3.0201,
3.0201,
3.0201,
3.0201,
3.0201,
3.0201,
3.0201,
3.0201,
3.0201,
3.0201,
3.0201,
3.0201,
3.0201,
3.0201,
3.0201,
3.0201,
3.0201,
3.0202,
3.0202,
3.0202,
3.0203,
3.0204,
3.0207,
3.0212,
3.0222,
3.0244,
3.0286,
3.0370,
3.0470,
3.0470,
3.0470,
3.0500,
3.0530,
3.0591,
3.0712,
3.0715,
3.0715,
3.0715,
3.0715,
3.0715,
3.0715,
3.0715,
3.0715,
3.0715,
3.0715,
3.0715,
3.0715,
3.0715,
3.0715,
3.0715,
3.0715,
3.0715,
3.0715,
3.0715,
3.0715,
3.0715,
3.0715,
3.0715,
3.0715,
3.0715,
3.0715,
3.0715,
3.0715,
3.0715,
3.0715,
3.0715,
3.0716,
3.0716,
3.0717,
3.0720,
3.0724,
3.0734,
3.0752,
3.0789,
3.0862,
3.0877,
3.0877,
3.1000,
3.1005,
3.1005,
3.1015,
3.1015,
3.1015,
3.1025,
3.1035,
3.1055,
3.1095,
3.1175,
3.1183,
3.1183,
3.1183,
3.1183,
3.1183,
3.1183,
3.1183,
3.1183,
3.1183,
3.1183,
3.1183,
3.1183,
3.1183,
3.1183,
3.1183,
3.1183,
3.1183,
3.1183,
3.1183,
3.1183,
3.1183,
3.1183,
3.1183,
3.1183,
3.1183,
3.1183,
3.1183,
3.1183,
3.1183,
3.1183,
3.1183,
3.1183,
3.1183,
3.1183,
3.1183,
3.1183,
3.1184,
3.1185,
3.1188,
3.1193,
3.1202,
3.1222,
3.1261,
3.1339,
3.1372,
3.1372,
3.1372,
3.1377,
3.1377,
3.1377,
3.1382,
3.1387,
3.1397,
3.1418,
3.1459,
3.1500,
3.1623,
3.1632,
3.1632,
3.1632,
3.1633,
3.1633,
3.1633,
3.1635,
3.1637,
3.1640,
3.1647,
3.1660,
3.1687,
3.1741,
3.1849,
3.1866,
3.1866,
3.1866,
3.1871,
3.1871,
3.1871,
3.1871,
3.1871,
3.1871,
3.1871,
3.1871,
3.1871,
3.1871,
3.1871,
3.1871,
3.1871,
3.1871,
3.1871,
3.1871,
3.1871,
3.1871,
3.1871,
3.1871,
3.1871,
3.1871,
3.1871,
3.1871,
3.1871,
3.1871,
3.1871,
3.1871,
3.1871,
3.1871,
3.1872,
3.1872,
3.1874,
3.1877,
3.1884,
3.1897,
3.1924,
3.1976,
3.2000,
3.2129,
3.2133,
3.2133,
3.2133,
3.2133,
3.2133,
3.2133,
3.2133,
3.2133,
3.2133,
3.2133,
3.2133,
3.2133,
3.2133,
3.2133,
3.2133,
3.2133,
3.2133,
3.2133,
3.2133,
3.2133,
3.2133,
3.2133,
3.2133,
3.2133,
3.2133,
3.2133,
3.2133,
3.2133,
3.2133,
3.2133,
3.2134,
3.2134,
3.2134,
3.2135,
3.2136,
3.2140,
3.2146,
3.2158,
3.2183,
3.2232,
3.2331,
3.2335,
3.2335,
3.2335,
3.2335,
3.2335,
3.2335,
3.2335,
3.2335,
3.2335,
3.2335,
3.2335,
3.2335,
3.2335,
3.2335,
3.2335,
3.2335,
3.2335,
3.2335,
3.2335,
3.2335,
3.2335,
3.2335,
3.2335,
3.2335,
3.2335,
3.2335,
3.2335,
3.2335,
3.2335,
3.2335,
3.2335,
3.2335,
3.2336,
3.2337,
3.2338,
3.2342,
3.2349,
3.2363,
3.2391,
3.2448,
3.2500,
3.2665,
3.2667,
3.2667,
3.2667,
3.2667,
3.2667,
3.2667,
3.2667,
3.2667,
3.2667,
3.2667,
3.2667,
3.2667,
3.2667,
3.2667,
3.2667,
3.2667,
3.2667,
3.2667,
3.2667,
3.2667,
3.2667,
3.2667,
3.2667,
3.2667,
3.2667,
3.2667,
3.2667,
3.2667,
3.2667,
3.2667,
3.2667,
3.2667,
3.2668,
3.2670,
3.2674,
3.2681,
3.2696,
3.2726,
3.2785,
3.2904,
3.2915,
3.2915,
3.3000,
3.3085,
3.3087,
3.3087,
3.3093,
3.3093,
3.3093,
3.3093,
3.3093,
3.3093,
3.3093,
3.3093,
3.3093,
3.3093,
3.3093,
3.3093,
3.3093,
3.3093,
3.3093,
3.3093,
3.3093,
3.3093,
3.3093,
3.3093,
3.3093,
3.3093,
3.3093,
3.3093,
3.3093,
3.3093,
3.3093,
3.3093,
3.3093,
3.3093,
3.3093,
3.3093,
3.3093,
3.3094,
3.3095,
3.3098,
3.3102,
3.3112,
3.3131,
3.3170,
3.3247,
3.3254,
3.3254,
3.3380,
3.3380,
3.3500,
3.3620,
3.3820,
3.4000,
3.4200,
3.4202,
3.4202,
3.4203,
3.4203,
3.4205,
3.4206,
3.4209,
3.4215,
3.4227,
3.4251,
3.4299,
3.4395,
3.4500,
3.4502,
3.4502,
3.4502,
3.4502,
3.4502,
3.4502,
3.4502,
3.4502,
3.4502,
3.4502,
3.4502,
3.4502,
3.4502,
3.4502,
3.4502,
3.4502,
3.4502,
3.4502,
3.4502,
3.4502,
3.4502,
3.4502,
3.4502,
3.4502,
3.4502,
3.4502,
3.4502,
3.4503,
3.4504,
3.4506,
3.4510,
3.4518,
3.4534,
3.4567,
3.4632,
3.4762,
3.4771,
3.4771,
3.4971,
3.5000,
3.5200,
3.5400,
3.5500,
3.5700,
3.5872,
3.5872,
3.6000,
3.6128,
3.6328,
3.6500,
3.6700,
3.6900,
3.7000,
3.7200,
3.7400,
3.7500,
3.7700,
3.7900,
3.8000,
3.8200,
3.8400,
3.8500,
3.8700,
3.8900,
3.9000,
3.9200,
3.9202,
3.9202,
3.9402,
3.9500,
3.9679,
3.9679,
3.9681,
3.9681,
3.9683,
3.9684,
3.9687,
3.9694,
3.9707,
3.9734,
3.9786,
3.9793,
3.9793,
3.9905,
4.0000,
4.0200,
4.0202,
4.0202,
4.0402,
4.0409,
4.0409,
4.0419,
4.0419,
4.0428,
4.0437,
4.0456,
4.0467,
4.0467,
4.0500,
4.0533,
4.0552,
4.0552,
4.0552,
4.0552,
4.0553,
4.0553,
4.0553,
4.0554,
4.0556,
4.0560,
4.0567,
4.0581,
4.0584,
4.0584,
4.0616,
4.0648,
4.0696,
4.0696,
4.0729,
4.0729,
4.0746,
4.0746,
4.0763,
4.0780,
4.0800,
4.0800,
4.0845,
4.0845,
4.0889,
4.0912,
4.0912,
4.0941,
4.0941,
4.0971,
4.1000,
4.1059,
4.1176,
4.1191,
4.1191,
4.1236,
4.1236,
4.1280,
4.1285,
4.1285,
4.1312,
4.1312,
4.1339,
4.1344,
4.1344,
4.1376,
4.1409,
4.1473,
4.1500,
4.1576,
4.1576,
4.1766,
4.1766,
4.1768,
4.1768,
4.1768,
4.1770,
4.1773,
4.1777,
4.1786,
4.1804,
4.1841,
4.1913,
4.1948,
4.1948,
4.2000,
4.2017,
4.2017,
4.2086,
4.2096,
4.2096,
4.2175,
4.2205,
4.2205,
4.2283,
4.2283,
4.2361,
4.2432,
4.2432,
4.2472,
4.2472,
4.2500,
4.2528,
4.2585,
4.2698,
4.2797,
4.2797,
4.2804,
4.2804,
4.2804,
4.2811,
4.2819,
4.2834,
4.2863,
4.2923,
4.2955,
4.2955,
4.3000,
4.3045,
4.3133,
4.3133,
4.3312,
4.3315,
4.3315,
4.3315,
4.3315,
4.3315,
4.3315,
4.3315,
4.3315,
4.3315,
4.3315,
4.3315,
4.3315,
4.3315,
4.3315,
4.3315,
4.3315,
4.3315,
4.3315,
4.3315,
4.3315,
4.3315,
4.3315,
4.3315,
4.3315,
4.3315,
4.3315,
4.3315,
4.3315,
4.3315,
4.3316,
4.3316,
4.3317,
4.3319,
4.3322,
4.3330,
4.3344,
4.3373,
4.3431,
4.3500,
4.3527,
4.3527,
4.3727,
4.3927,
4.4000,
4.4200,
4.4400,
4.4500,
4.4502,
4.4502,
4.4503,
4.4503,
4.4504,
4.4505,
4.4507,
4.4511,
4.4519,
4.4521,
4.4521,
4.4540,
4.4558,
4.4596,
4.4670,
4.4772,
4.4772,
4.4772,
4.4772,
4.4772,
4.4772,
4.4772,
4.4772,
4.4772,
4.4772,
4.4772,
4.4772,
4.4772,
4.4772,
4.4772,
4.4772,
4.4772,
4.4772,
4.4772,
4.4772,
4.4772,
4.4772,
4.4772,
4.4772,
4.4772,
4.4772,
4.4772,
4.4772,
4.4772,
4.4772,
4.4773,
4.4774,
4.4776,
4.4781,
4.4790,
4.4808,
4.4844,
4.4917,
4.5000,
4.5132,
4.5132,
4.5151,
4.5151,
4.5151,
4.5151,
4.5151,
4.5151,
4.5151,
4.5151,
4.5151,
4.5151,
4.5151,
4.5151,
4.5151,
4.5151,
4.5151,
4.5151,
4.5151,
4.5151,
4.5151,
4.5151,
4.5151,
4.5151,
4.5151,
4.5151,
4.5151,
4.5151,
4.5151,
4.5151,
4.5151,
4.5151,
4.5151,
4.5151,
4.5151,
4.5151,
4.5152,
4.5153,
4.5155,
4.5159,
4.5168,
4.5186,
4.5222,
4.5293,
4.5300,
4.5300,
4.5449,
4.5500,
4.5502,
4.5502,
4.5509,
4.5509,
4.5509,
4.5509,
4.5509,
4.5509,
4.5509,
4.5509,
4.5509,
4.5509,
4.5509,
4.5509,
4.5509,
4.5509,
4.5509,
4.5509,
4.5509,
4.5509,
4.5509,
4.5509,
4.5509,
4.5509,
4.5509,
4.5509,
4.5509,
4.5509,
4.5509,
4.5509,
4.5509,
4.5509,
4.5509,
4.5509,
4.5510,
4.5511,
4.5513,
4.5517,
4.5525,
4.5541,
4.5573,
4.5638,
4.5768,
4.5770,
4.5770,
4.5770,
4.5770,
4.5770,
4.5770,
4.5770,
4.5770,
4.5770,
4.5770,
4.5770,
4.5770,
4.5770,
4.5770,
4.5770,
4.5770,
4.5770,
4.5770,
4.5770,
4.5770,
4.5770,
4.5770,
4.5770,
4.5770,
4.5770,
4.5770,
4.5770,
4.5771,
4.5771,
4.5773,
4.5776,
4.5783,
4.5796,
4.5823,
4.5876,
4.5983,
4.6000,
4.6024,
4.6024,
4.6024,
4.6024,
4.6024,
4.6024,
4.6024,
4.6024,
4.6024,
4.6024,
4.6024,
4.6024,
4.6024,
4.6024,
4.6024,
4.6024,
4.6024,
4.6024,
4.6024,
4.6024,
4.6024,
4.6024,
4.6024,
4.6024,
4.6024,
4.6024,
4.6024,
4.6024,
4.6024,
4.6024,
4.6024,
4.6024,
4.6024,
4.6025,
4.6025,
4.6025,
4.6027,
4.6029,
4.6034,
4.6044,
4.6063,
4.6102,
4.6180,
4.6186,
4.6186,
4.6347,
4.6350,
4.6350,
4.6362,
4.6362,
4.6362,
4.6362,
4.6362,
4.6362,
4.6362,
4.6362,
4.6362,
4.6362,
4.6362,
4.6362,
4.6362,
4.6362,
4.6362,
4.6362,
4.6362,
4.6362,
4.6362,
4.6362,
4.6362,
4.6362,
4.6362,
4.6362,
4.6362,
4.6362,
4.6362,
4.6362,
4.6362,
4.6363,
4.6363,
4.6363,
4.6363,
4.6363,
4.6364,
4.6365,
4.6368,
4.6374,
4.6385,
4.6408,
4.6453,
4.6500,
4.6638,
4.6640,
4.6640,
4.6640,
4.6640,
4.6640,
4.6640,
4.6640,
4.6640,
4.6640,
4.6640,
4.6640,
4.6640,
4.6640,
4.6640,
4.6640,
4.6640,
4.6640,
4.6640,
4.6640,
4.6640,
4.6640,
4.6640,
4.6640,
4.6640,
4.6640,
4.6640,
4.6640,
4.6640,
4.6640,
4.6640,
4.6640,
4.6640,
4.6640,
4.6640,
4.6641,
4.6642,
4.6644,
4.6649,
4.6659,
4.6679,
4.6718,
4.6796,
4.6906,
4.6906,
4.7000,
4.7094,
4.7095,
4.7095,
4.7102,
4.7102,
4.7102,
4.7102,
4.7102,
4.7102,
4.7102,
4.7102,
4.7102,
4.7102,
4.7102,
4.7102,
4.7102,
4.7102,
4.7102,
4.7102,
4.7102,
4.7102,
4.7102,
4.7102,
4.7102,
4.7102,
4.7102,
4.7102,
4.7102,
4.7102,
4.7102,
4.7102,
4.7102,
4.7102,
4.7102,
4.7102,
4.7103,
4.7104,
4.7106,
4.7110,
4.7117,
4.7132,
4.7162,
4.7222,
4.7343,
4.7346,
4.7346,
4.7500,
4.7503,
4.7503,
4.7513,
4.7513,
4.7513,
4.7513,
4.7513,
4.7513,
4.7513,
4.7513,
4.7513,
4.7513,
4.7513,
4.7513,
4.7513,
4.7513,
4.7513,
4.7513,
4.7513,
4.7513,
4.7513,
4.7513,
4.7513,
4.7513,
4.7513,
4.7513,
4.7513,
4.7513,
4.7513,
4.7513,
4.7513,
4.7513,
4.7513,
4.7514,
4.7514,
4.7515,
4.7516,
4.7518,
4.7524,
4.7534,
4.7554,
4.7595,
4.7677,
4.7682,
4.7682,
4.7682,
4.7682,
4.7682,
4.7682,
4.7682,
4.7682,
4.7682,
4.7682,
4.7682,
4.7682,
4.7682,
4.7682,
4.7682,
4.7682,
4.7682,
4.7682,
4.7682,
4.7682,
4.7682,
4.7682,
4.7682,
4.7682,
4.7682,
4.7682,
4.7682,
4.7682,
4.7682,
4.7682,
4.7682,
4.7682,
4.7683,
4.7685,
4.7688,
4.7695,
4.7709,
4.7727,
4.7727,
4.7772,
4.7818,
4.7909,
4.8000,
4.8019,
4.8019,
4.8019,
4.8019,
4.8019,
4.8019,
4.8019,
4.8019,
4.8019,
4.8019,
4.8019,
4.8019,
4.8019,
4.8019,
4.8019,
4.8019,
4.8019,
4.8019,
4.8019,
4.8019,
4.8019,
4.8019,
4.8019,
4.8019,
4.8019,
4.8019,
4.8019,
4.8019,
4.8019,
4.8019,
4.8019,
4.8019,
4.8019,
4.8020,
4.8020,
4.8021,
4.8024,
4.8029,
4.8038,
4.8058,
4.8097,
4.8175,
4.8181,
4.8181,
4.8343,
4.8346,
4.8346,
4.8356,
4.8356,
4.8356,
4.8366,
4.8377,
4.8397,
4.8439,
4.8500,
4.8644,
4.8646,
4.8646,
4.8646,
4.8651,
4.8651,
4.8651,
4.8651,
4.8651,
4.8651,
4.8651,
4.8651,
4.8651,
4.8651,
4.8651,
4.8651,
4.8651,
4.8651,
4.8651,
4.8651,
4.8651,
4.8651,
4.8651,
4.8651,
4.8651,
4.8651,
4.8651,
4.8651,
4.8651,
4.8651,
4.8651,
4.8651,
4.8651,
4.8652,
4.8652,
4.8652,
4.8653,
4.8654,
4.8656,
4.8662,
4.8672,
4.8692,
4.8733,
4.8814,
4.8819,
4.8819,
4.8819,
4.8819,
4.8819,
4.8819,
4.8819,
4.8819,
4.8819,
4.8819,
4.8819,
4.8819,
4.8819,
4.8819,
4.8819,
4.8819,
4.8819,
4.8819,
4.8819,
4.8819,
4.8819,
4.8819,
4.8819,
4.8819,
4.8819,
4.8819,
4.8819,
4.8819,
4.8819,
4.8819,
4.8819,
4.8819,
4.8819,
4.8820,
4.8820,
4.8821,
4.8822,
4.8824,
4.8829,
4.8839,
4.8858,
4.8897,
4.8976,
4.9000,
4.9127,
4.9127,
4.9127,
4.9127,
4.9127,
4.9127,
4.9127,
4.9127,
4.9127,
4.9127,
4.9127,
4.9127,
4.9127,
4.9127,
4.9127,
4.9127,
4.9127,
4.9127,
4.9127,
4.9127,
4.9127,
4.9127,
4.9127,
4.9127,
4.9127,
4.9127,
4.9127,
4.9127,
4.9127,
4.9127,
4.9127,
4.9127,
4.9127,
4.9128,
4.9128,
4.9130,
4.9132,
4.9137,
4.9147,
4.9166,
4.9205,
4.9283,
4.9394,
4.9394,
4.9500,
4.9606,
4.9608,
4.9608,
4.9613,
4.9613,
4.9613,
4.9618,
4.9623,
4.9633,
4.9653,
4.9694,
4.9774,
4.9780,
4.9780,
4.9911,
4.9911,
5.0000,
